1.055000000000000000e+03,8.810000000000000000e+02,1.558000000000000114e+02,2.931999999999999886e+02,1.191200000000000045e+03,1.729599999999999909e+03,1.588400000000000091e+03,1.589599999999999909e+03,1.994000000000000000e+03,2.089000000000000000e+03,1.690599999999999909e+03,1.465000000000000000e+03,2.389199999999999818e+03,2.412400000000000091e+03,2.233199999999999818e+03,2.382800000000000182e+03,2.781800000000000182e+03,2.843599999999999909e+03,2.954599999999999909e+03,3.387599999999999909e+03,3.433199999999999818e+03,3.521400000000000091e+03,3.523199999999999818e+03,3.312599999999999909e+03,3.576199999999999818e+03,4.238600000000000364e+03,4.305399999999999636e+03,4.017000000000000000e+03,4.393399999999999636e+03,4.578800000000000182e+03,4.021800000000000182e+03,4.592800000000000182e+03,5.050199999999999818e+03,4.905800000000000182e+03,4.652399999999999636e+03,4.642000000000000000e+03,4.972800000000000182e+03,5.348000000000000000e+03,5.515800000000000182e+03,5.830800000000000182e+03,5.758000000000000000e+03,5.423600000000000364e+03,5.580600000000000364e+03,6.002399999999999636e+03,6.054600000000000364e+03,5.962000000000000000e+03,6.237000000000000000e+03,6.547199999999999818e+03,6.435199999999999818e+03,6.605800000000000182e+03,6.895199999999999818e+03,7.199399999999999636e+03,7.034000000000000000e+03,6.961000000000000000e+03,7.248199999999999818e+03,7.570399999999999636e+03,7.562199999999999818e+03,7.920800000000000182e+03,8.352799999999999272e+03,8.045399999999999636e+03,8.143600000000000364e+03,8.715399999999999636e+03,8.557799999999999272e+03,8.070399999999999636e+03,8.674399999999999636e+03,0.000000000000000000e+00,0.000000000000000000e+00,0.000000000000000000e+00,0.000000000000000000e+00,0.000000000000000000e+00,0.000000000000000000e+00,0.000000000000000000e+00,0.000000000000000000e+00,0.000000000000000000e+00,0.000000000000000000e+00,0.000000000000000000e+00,0.000000000000000000e+00,0.000000000000000000e+00,0.000000000000000000e+00,0.000000000000000000e+00,0.000000000000000000e+00,0.000000000000000000e+00,0.000000000000000000e+00,0.000000000000000000e+00,0.000000000000000000e+00,0.000000000000000000e+00,0.000000000000000000e+00,0.000000000000000000e+00,0.000000000000000000e+00,0.000000000000000000e+00,0.000000000000000000e+00,0.000000000000000000e+00,0.000000000000000000e+00,0.000000000000000000e+00,0.000000000000000000e+00,0.000000000000000000e+00,0.000000000000000000e+00,0.000000000000000000e+00,0.000000000000000000e+00,0.000000000000000000e+00,0.000000000000000000e+00,0.000000000000000000e+00,0.000000000000000000e+00,0.000000000000000000e+00,0.000000000000000000e+00,0.000000000000000000e+00,0.000000000000000000e+00,0.000000000000000000e+00,0.000000000000000000e+00,0.000000000000000000e+00,0.000000000000000000e+00,0.000000000000000000e+00,0.000000000000000000e+00,0.000000000000000000e+00,0.000000000000000000e+00,0.000000000000000000e+00,0.000000000000000000e+00,0.000000000000000000e+00,0.000000000000000000e+00,0.000000000000000000e+00,0.000000000000000000e+00,0.000000000000000000e+00,0.000000000000000000e+00,0.000000000000000000e+00,0.000000000000000000e+00,0.000000000000000000e+00,0.000000000000000000e+00,0.000000000000000000e+00,0.000000000000000000e+00,0.000000000000000000e+00,0.000000000000000000e+00,0.000000000000000000e+00,0.000000000000000000e+00,0.000000000000000000e+00,0.000000000000000000e+00,0.000000000000000000e+00,0.000000000000000000e+00,0.000000000000000000e+00,0.000000000000000000e+00,0.000000000000000000e+00,0.000000000000000000e+00,nan,9.332000000000000455e+02,1.074400000000000091e+03,4.468000000000000114e+02,3.500000000000000000e+01,3.296000000000000227e+02,5.213999999999999773e+02,5.256000000000000227e+02,8.106000000000000227e+02,1.126000000000000000e+03,8.567999999999999545e+02,3.998000000000000114e+02,3.971999999999999886e+02,9.887999999999999545e+02,7.462000000000000455e+02,4.690000000000000000e+02,6.642000000000000455e+02,9.756000000000000227e+02,7.580000000000000000e+02,6.847999999999999545e+02,1.075799999999999955e+03,9.982000000000000455e+02,6.562000000000000455e+02,5.066000000000000227e+02,4.570000000000000000e+02,8.143999999999999773e+02,1.280000000000000000e+03,1.148799999999999955e+03,5.772000000000000455e+02,4.443999999999999773e+02,8.673999999999999773e+02,1.321799999999999955e+03,1.325599999999999909e+03,1.272000000000000000e+03,1.060000000000000000e+03,6.283999999999999773e+02,5.746000000000000227e+02,1.031799999999999955e+03,1.108200000000000045e+03,9.462000000000000455e+02,1.006000000000000000e+03,1.086000000000000000e+03,7.896000000000000227e+02,7.117999999999999545e+02,1.015600000000000023e+03,1.053799999999999955e+03,7.626000000000000227e+02,8.692000000000000455e+02,9.886000000000000227e+02,7.017999999999999545e+02,1.197799999999999955e+03,1.501200000000000045e+03,1.309000000000000000e+03,9.262000000000000455e+02,7.230000000000000000e+02,1.014200000000000045e+03,1.027400000000000091e+03,7.657999999999999545e+02,1.035400000000000091e+03,1.289799999999999955e+03,7.623999999999999773e+02,3.646000000000000227e+02,6.203999999999999773e+02,1.072799999999999955e+03,1.410599999999999909e+03,1.384000000000000000e+03,0.000000000000000000e+00,0.000000000000000000e+00,0.000000000000000000e+00,0.000000000000000000e+00,0.000000000000000000e+00,0.000000000000000000e+00,0.000000000000000000e+00,0.000000000000000000e+00,0.000000000000000000e+00,0.000000000000000000e+00,0.000000000000000000e+00,0.000000000000000000e+00,0.000000000000000000e+00,0.000000000000000000e+00,0.000000000000000000e+00,0.000000000000000000e+00,0.000000000000000000e+00,0.000000000000000000e+00,0.000000000000000000e+00,0.000000000000000000e+00,0.000000000000000000e+00,0.000000000000000000e+00,0.000000000000000000e+00,0.000000000000000000e+00,0.000000000000000000e+00,0.000000000000000000e+00,0.000000000000000000e+00,0.000000000000000000e+00,0.000000000000000000e+00,0.000000000000000000e+00,0.000000000000000000e+00,0.000000000000000000e+00,0.000000000000000000e+00,0.000000000000000000e+00,0.000000000000000000e+00,0.000000000000000000e+00,0.000000000000000000e+00,0.000000000000000000e+00,0.000000000000000000e+00,0.000000000000000000e+00,0.000000000000000000e+00,0.000000000000000000e+00,0.000000000000000000e+00,0.000000000000000000e+00,0.000000000000000000e+00,0.000000000000000000e+00,0.000000000000000000e+00,0.000000000000000000e+00,0.000000000000000000e+00,0.000000000000000000e+00,0.000000000000000000e+00,0.000000000000000000e+00,0.000000000000000000e+00,0.000000000000000000e+00,0.000000000000000000e+00,0.000000000000000000e+00,0.000000000000000000e+00,0.000000000000000000e+00,0.000000000000000000e+00,0.000000000000000000e+00,0.000000000000000000e+00,0.000000000000000000e+00,0.000000000000000000e+00,0.000000000000000000e+00,0.000000000000000000e+00,0.000000000000000000e+00,0.000000000000000000e+00,0.000000000000000000e+00,0.000000000000000000e+00,0.000000000000000000e+00,0.000000000000000000e+00,0.000000000000000000e+00,0.000000000000000000e+00,0.000000000000000000e+00,0.000000000000000000e+00,0.000000000000000000e+00,nan,2.000000000000000000e+01,7.000000000000000000e+01,1.200000000000000000e+02,1.700000000000000000e+02,2.200000000000000000e+02,2.700000000000000000e+02,3.200000000000000000e+02,3.700000000000000000e+02,4.200000000000000000e+02,4.700000000000000000e+02,5.200000000000000000e+02,5.700000000000000000e+02,6.410000000000000000e+02,6.910000000000000000e+02,7.410000000000000000e+02,7.910000000000000000e+02,8.410000000000000000e+02,8.910000000000000000e+02,9.410000000000000000e+02,9.910000000000000000e+02,1.041000000000000000e+03,1.091000000000000000e+03,1.141000000000000000e+03,1.191000000000000000e+03,1.241000000000000000e+03,1.291000000000000000e+03,1.337400000000000091e+03,1.382000000000000000e+03,1.432000000000000000e+03,1.506000000000000000e+03,1.592000000000000000e+03,1.642000000000000000e+03,1.692000000000000000e+03,1.742000000000000000e+03,1.792000000000000000e+03,1.842000000000000000e+03,1.892000000000000000e+03,1.942000000000000000e+03,1.992000000000000000e+03,2.042000000000000000e+03,2.092000000000000000e+03,2.142000000000000000e+03,2.192000000000000000e+03,2.242000000000000000e+03,2.292000000000000000e+03,2.342000000000000000e+03,2.400400000000000091e+03,2.463000000000000000e+03,2.513000000000000000e+03,2.605599999999999909e+03,2.684000000000000000e+03,2.764000000000000000e+03,2.834000000000000000e+03,2.884000000000000000e+03,2.934000000000000000e+03,2.984000000000000000e+03,3.034000000000000000e+03,3.084000000000000000e+03,3.134000000000000000e+03,3.184000000000000000e+03,3.234000000000000000e+03,3.284000000000000000e+03,3.332199999999999818e+03,3.375000000000000000e+03,3.425000000000000000e+03,3.465000000000000000e+03,3.515000000000000000e+03,3.565000000000000000e+03,3.615000000000000000e+03,3.665000000000000000e+03,3.715000000000000000e+03,3.765000000000000000e+03,3.815000000000000000e+03,3.865000000000000000e+03,3.915000000000000000e+03,3.965000000000000000e+03,4.015000000000000000e+03,4.065000000000000000e+03,4.115000000000000000e+03,4.165000000000000000e+03,4.215000000000000000e+03,4.265000000000000000e+03,4.315000000000000000e+03,4.365000000000000000e+03,4.415000000000000000e+03,4.465000000000000000e+03,4.515000000000000000e+03,4.565000000000000000e+03,4.615000000000000000e+03,4.665000000000000000e+03,4.715000000000000000e+03,4.765000000000000000e+03,4.815000000000000000e+03,4.865000000000000000e+03,4.915000000000000000e+03,4.965000000000000000e+03,5.015000000000000000e+03,5.065000000000000000e+03,5.115000000000000000e+03,5.165000000000000000e+03,5.215000000000000000e+03,5.265000000000000000e+03,5.315000000000000000e+03,5.365000000000000000e+03,5.415000000000000000e+03,5.465000000000000000e+03,5.515000000000000000e+03,5.565000000000000000e+03,5.615000000000000000e+03,5.665000000000000000e+03,5.715000000000000000e+03,5.765000000000000000e+03,5.815000000000000000e+03,5.865000000000000000e+03,5.915000000000000000e+03,5.965000000000000000e+03,6.015000000000000000e+03,6.065000000000000000e+03,6.115000000000000000e+03,6.165000000000000000e+03,6.215000000000000000e+03,6.265000000000000000e+03,6.315000000000000000e+03,6.365000000000000000e+03,6.415000000000000000e+03,6.465000000000000000e+03,6.515000000000000000e+03,6.565000000000000000e+03,6.615000000000000000e+03,6.665000000000000000e+03,6.715000000000000000e+03,6.765000000000000000e+03,6.815000000000000000e+03,6.865000000000000000e+03,6.915000000000000000e+03,6.965000000000000000e+03,7.015000000000000000e+03,7.065000000000000000e+03,7.115000000000000000e+03,7.165000000000000000e+03,7.215000000000000000e+03,nan
9.226000000000000227e+02,8.023999999999999773e+02,1.625999999999999943e+02,2.324000000000000057e+02,1.082200000000000045e+03,1.648799999999999955e+03,1.456000000000000000e+03,1.409000000000000000e+03,1.828599999999999909e+03,1.863400000000000091e+03,1.437000000000000000e+03,1.413200000000000045e+03,2.146800000000000182e+03,2.299800000000000182e+03,2.090599999999999909e+03,2.151599999999999909e+03,2.563800000000000182e+03,2.672400000000000091e+03,2.878599999999999909e+03,3.369599999999999909e+03,3.452599999999999909e+03,3.449400000000000091e+03,3.289599999999999909e+03,3.317800000000000182e+03,4.027800000000000182e+03,4.170199999999999818e+03,3.848599999999999909e+03,4.263199999999999818e+03,4.502000000000000000e+03,4.015800000000000182e+03,4.606800000000000182e+03,5.059800000000000182e+03,5.027800000000000182e+03,4.785000000000000000e+03,4.824399999999999636e+03,5.240199999999999818e+03,5.532600000000000364e+03,5.828399999999999636e+03,5.919199999999999818e+03,5.582199999999999818e+03,5.551000000000000000e+03,5.924800000000000182e+03,6.094199999999999818e+03,5.995600000000000364e+03,6.290199999999999818e+03,6.408600000000000364e+03,6.311399999999999636e+03,6.603000000000000000e+03,6.973800000000000182e+03,7.190399999999999636e+03,6.988399999999999636e+03,6.724399999999999636e+03,6.998600000000000364e+03,7.391600000000000364e+03,7.409199999999999818e+03,7.843600000000000364e+03,7.964800000000000182e+03,7.723399999999999636e+03,8.116399999999999636e+03,8.570000000000000000e+03,8.134199999999999818e+03,8.069000000000000000e+03,5.258800000000000182e+03,0.000000000000000000e+00,0.000000000000000000e+00,0.000000000000000000e+00,0.000000000000000000e+00,0.000000000000000000e+00,0.000000000000000000e+00,0.000000000000000000e+00,0.000000000000000000e+00,0.000000000000000000e+00,0.000000000000000000e+00,0.000000000000000000e+00,0.000000000000000000e+00,0.000000000000000000e+00,0.000000000000000000e+00,0.000000000000000000e+00,0.000000000000000000e+00,0.000000000000000000e+00,0.000000000000000000e+00,0.000000000000000000e+00,0.000000000000000000e+00,0.000000000000000000e+00,0.000000000000000000e+00,0.000000000000000000e+00,0.000000000000000000e+00,0.000000000000000000e+00,0.000000000000000000e+00,0.000000000000000000e+00,0.000000000000000000e+00,0.000000000000000000e+00,0.000000000000000000e+00,0.000000000000000000e+00,0.000000000000000000e+00,0.000000000000000000e+00,0.000000000000000000e+00,0.000000000000000000e+00,0.000000000000000000e+00,0.000000000000000000e+00,0.000000000000000000e+00,0.000000000000000000e+00,0.000000000000000000e+00,0.000000000000000000e+00,0.000000000000000000e+00,0.000000000000000000e+00,0.000000000000000000e+00,0.000000000000000000e+00,0.000000000000000000e+00,0.000000000000000000e+00,0.000000000000000000e+00,0.000000000000000000e+00,0.000000000000000000e+00,0.000000000000000000e+00,0.000000000000000000e+00,0.000000000000000000e+00,0.000000000000000000e+00,0.000000000000000000e+00,0.000000000000000000e+00,0.000000000000000000e+00,0.000000000000000000e+00,0.000000000000000000e+00,0.000000000000000000e+00,0.000000000000000000e+00,0.000000000000000000e+00,0.000000000000000000e+00,0.000000000000000000e+00,0.000000000000000000e+00,0.000000000000000000e+00,0.000000000000000000e+00,0.000000000000000000e+00,0.000000000000000000e+00,0.000000000000000000e+00,0.000000000000000000e+00,0.000000000000000000e+00,0.000000000000000000e+00,0.000000000000000000e+00,0.000000000000000000e+00,0.000000000000000000e+00,0.000000000000000000e+00,0.000000000000000000e+00,nan,1.090000000000000000e+03,1.270799999999999955e+03,7.850000000000000000e+02,3.226000000000000227e+02,4.691999999999999886e+02,5.636000000000000227e+02,5.147999999999999545e+02,8.076000000000000227e+02,1.143400000000000091e+03,8.427999999999999545e+02,4.188000000000000114e+02,4.811999999999999886e+02,9.777999999999999545e+02,8.526000000000000227e+02,4.700000000000000000e+02,5.413999999999999773e+02,9.132000000000000455e+02,7.292000000000000455e+02,6.510000000000000000e+02,1.000000000000000000e+03,8.742000000000000455e+02,5.653999999999999773e+02,4.578000000000000114e+02,5.943999999999999773e+02,1.076799999999999955e+03,9.587999999999999545e+02,3.988000000000000114e+02,3.848000000000000114e+02,7.983999999999999773e+02,1.132799999999999955e+03,1.180799999999999955e+03,1.108599999999999909e+03,9.167999999999999545e+02,5.091999999999999886e+02,5.607999999999999545e+02,9.922000000000000455e+02,9.357999999999999545e+02,8.240000000000000000e+02,9.432000000000000455e+02,7.752000000000000455e+02,5.352000000000000455e+02,7.872000000000000455e+02,8.503999999999999773e+02,5.640000000000000000e+02,7.062000000000000455e+02,6.863999999999999773e+02,4.581999999999999886e+02,1.174799999999999955e+03,1.240799999999999955e+03,1.115599999999999909e+03,7.637999999999999545e+02,4.420000000000000000e+02,6.953999999999999773e+02,7.660000000000000000e+02,5.482000000000000455e+02,8.517999999999999545e+02,9.143999999999999773e+02,2.670000000000000000e+02,7.759999999999999432e+01,5.290000000000000000e+02,1.106000000000000000e+03,1.132599999999999909e+03,5.752000000000000455e+02,0.000000000000000000e+00,0.000000000000000000e+00,0.000000000000000000e+00,0.000000000000000000e+00,0.000000000000000000e+00,0.000000000000000000e+00,0.000000000000000000e+00,0.000000000000000000e+00,0.000000000000000000e+00,0.000000000000000000e+00,0.000000000000000000e+00,0.000000000000000000e+00,0.000000000000000000e+00,0.000000000000000000e+00,0.000000000000000000e+00,0.000000000000000000e+00,0.000000000000000000e+00,0.000000000000000000e+00,0.000000000000000000e+00,0.000000000000000000e+00,0.000000000000000000e+00,0.000000000000000000e+00,0.000000000000000000e+00,0.000000000000000000e+00,0.000000000000000000e+00,0.000000000000000000e+00,0.000000000000000000e+00,0.000000000000000000e+00,0.000000000000000000e+00,0.000000000000000000e+00,0.000000000000000000e+00,0.000000000000000000e+00,0.000000000000000000e+00,0.000000000000000000e+00,0.000000000000000000e+00,0.000000000000000000e+00,0.000000000000000000e+00,0.000000000000000000e+00,0.000000000000000000e+00,0.000000000000000000e+00,0.000000000000000000e+00,0.000000000000000000e+00,0.000000000000000000e+00,0.000000000000000000e+00,0.000000000000000000e+00,0.000000000000000000e+00,0.000000000000000000e+00,0.000000000000000000e+00,0.000000000000000000e+00,0.000000000000000000e+00,0.000000000000000000e+00,0.000000000000000000e+00,0.000000000000000000e+00,0.000000000000000000e+00,0.000000000000000000e+00,0.000000000000000000e+00,0.000000000000000000e+00,0.000000000000000000e+00,0.000000000000000000e+00,0.000000000000000000e+00,0.000000000000000000e+00,0.000000000000000000e+00,0.000000000000000000e+00,0.000000000000000000e+00,0.000000000000000000e+00,0.000000000000000000e+00,0.000000000000000000e+00,0.000000000000000000e+00,0.000000000000000000e+00,0.000000000000000000e+00,0.000000000000000000e+00,0.000000000000000000e+00,0.000000000000000000e+00,0.000000000000000000e+00,0.000000000000000000e+00,0.000000000000000000e+00,0.000000000000000000e+00,0.000000000000000000e+00,nan,2.000000000000000000e+01,7.000000000000000000e+01,1.200000000000000000e+02,1.700000000000000000e+02,2.200000000000000000e+02,2.700000000000000000e+02,3.200000000000000000e+02,3.700000000000000000e+02,4.200000000000000000e+02,4.700000000000000000e+02,5.200000000000000000e+02,5.700000000000000000e+02,6.200000000000000000e+02,6.700000000000000000e+02,7.200000000000000000e+02,7.700000000000000000e+02,8.200000000000000000e+02,8.700000000000000000e+02,9.200000000000000000e+02,9.700000000000000000e+02,1.020000000000000000e+03,1.070000000000000000e+03,1.120000000000000000e+03,1.170000000000000000e+03,1.220000000000000000e+03,1.270000000000000000e+03,1.313599999999999909e+03,1.362000000000000000e+03,1.428000000000000000e+03,1.502000000000000000e+03,1.552000000000000000e+03,1.602000000000000000e+03,1.652000000000000000e+03,1.696000000000000000e+03,1.742000000000000000e+03,1.792000000000000000e+03,1.842000000000000000e+03,1.892000000000000000e+03,1.942000000000000000e+03,1.992000000000000000e+03,2.042000000000000000e+03,2.092000000000000000e+03,2.142000000000000000e+03,2.192000000000000000e+03,2.242000000000000000e+03,2.292000000000000000e+03,2.342000000000000000e+03,2.448800000000000182e+03,2.513000000000000000e+03,2.563400000000000091e+03,2.614000000000000000e+03,2.664000000000000000e+03,2.714000000000000000e+03,2.764000000000000000e+03,2.814000000000000000e+03,2.864000000000000000e+03,2.914000000000000000e+03,2.964000000000000000e+03,3.014000000000000000e+03,3.064000000000000000e+03,3.114000000000000000e+03,3.164000000000000000e+03,3.210000000000000000e+03,3.254000000000000000e+03,3.304000000000000000e+03,3.354000000000000000e+03,3.404000000000000000e+03,3.454000000000000000e+03,3.504000000000000000e+03,3.554000000000000000e+03,3.604000000000000000e+03,3.654000000000000000e+03,3.704000000000000000e+03,3.754000000000000000e+03,3.804000000000000000e+03,3.854000000000000000e+03,3.904000000000000000e+03,3.954000000000000000e+03,4.004000000000000000e+03,4.054000000000000000e+03,4.104000000000000000e+03,4.154000000000000000e+03,4.204000000000000000e+03,4.254000000000000000e+03,4.304000000000000000e+03,4.354000000000000000e+03,4.404000000000000000e+03,4.454000000000000000e+03,4.504000000000000000e+03,4.554000000000000000e+03,4.604000000000000000e+03,4.654000000000000000e+03,4.704000000000000000e+03,4.754000000000000000e+03,4.804000000000000000e+03,4.854000000000000000e+03,4.904000000000000000e+03,4.954000000000000000e+03,5.004000000000000000e+03,5.054000000000000000e+03,5.104000000000000000e+03,5.154000000000000000e+03,5.204000000000000000e+03,5.254000000000000000e+03,5.304000000000000000e+03,5.354000000000000000e+03,5.404000000000000000e+03,5.454000000000000000e+03,5.504000000000000000e+03,5.554000000000000000e+03,5.604000000000000000e+03,5.654000000000000000e+03,5.704000000000000000e+03,5.754000000000000000e+03,5.804000000000000000e+03,5.854000000000000000e+03,5.904000000000000000e+03,5.954000000000000000e+03,6.004000000000000000e+03,6.054000000000000000e+03,6.104000000000000000e+03,6.154000000000000000e+03,6.204000000000000000e+03,6.254000000000000000e+03,6.304000000000000000e+03,6.354000000000000000e+03,6.404000000000000000e+03,6.454000000000000000e+03,6.504000000000000000e+03,6.554000000000000000e+03,6.604000000000000000e+03,6.654000000000000000e+03,6.704000000000000000e+03,6.754000000000000000e+03,6.804000000000000000e+03,6.854000000000000000e+03,6.904000000000000000e+03,6.954000000000000000e+03,7.004000000000000000e+03,7.054000000000000000e+03,7.104000000000000000e+03,nan
8.037999999999999545e+02,5.536000000000000227e+02,4.820000000000000284e+01,6.156000000000000227e+02,1.432200000000000045e+03,1.386599999999999909e+03,1.264400000000000091e+03,1.664799999999999955e+03,1.863400000000000091e+03,1.542200000000000045e+03,1.260799999999999955e+03,1.863000000000000000e+03,2.413000000000000000e+03,2.314199999999999818e+03,2.219800000000000182e+03,2.513800000000000182e+03,2.793800000000000182e+03,2.812199999999999818e+03,3.250599999999999909e+03,3.590599999999999909e+03,3.639800000000000182e+03,3.618800000000000182e+03,3.494199999999999818e+03,3.858000000000000000e+03,4.441800000000000182e+03,4.306000000000000000e+03,4.294000000000000000e+03,4.859000000000000000e+03,4.804600000000000364e+03,4.254399999999999636e+03,4.618600000000000364e+03,5.268199999999999818e+03,5.311800000000000182e+03,4.945600000000000364e+03,4.916000000000000000e+03,5.297000000000000000e+03,5.680199999999999818e+03,5.869000000000000000e+03,6.127199999999999818e+03,5.861399999999999636e+03,5.653800000000000182e+03,5.942800000000000182e+03,6.300000000000000000e+03,6.113000000000000000e+03,6.168399999999999636e+03,6.553600000000000364e+03,6.502199999999999818e+03,6.399800000000000182e+03,6.888600000000000364e+03,7.258199999999999818e+03,7.139600000000000364e+03,6.915000000000000000e+03,7.280600000000000364e+03,7.718600000000000364e+03,7.667600000000000364e+03,8.042199999999999818e+03,8.422799999999999272e+03,8.083600000000000364e+03,8.254399999999999636e+03,8.905200000000000728e+03,8.685799999999999272e+03,8.220799999999999272e+03,5.334000000000000000e+03,0.000000000000000000e+00,0.000000000000000000e+00,0.000000000000000000e+00,0.000000000000000000e+00,0.000000000000000000e+00,0.000000000000000000e+00,0.000000000000000000e+00,0.000000000000000000e+00,0.000000000000000000e+00,0.000000000000000000e+00,0.000000000000000000e+00,0.000000000000000000e+00,0.000000000000000000e+00,0.000000000000000000e+00,0.000000000000000000e+00,0.000000000000000000e+00,0.000000000000000000e+00,0.000000000000000000e+00,0.000000000000000000e+00,0.000000000000000000e+00,0.000000000000000000e+00,0.000000000000000000e+00,0.000000000000000000e+00,0.000000000000000000e+00,0.000000000000000000e+00,0.000000000000000000e+00,0.000000000000000000e+00,0.000000000000000000e+00,0.000000000000000000e+00,0.000000000000000000e+00,0.000000000000000000e+00,0.000000000000000000e+00,0.000000000000000000e+00,0.000000000000000000e+00,0.000000000000000000e+00,0.000000000000000000e+00,0.000000000000000000e+00,0.000000000000000000e+00,0.000000000000000000e+00,0.000000000000000000e+00,0.000000000000000000e+00,0.000000000000000000e+00,0.000000000000000000e+00,0.000000000000000000e+00,0.000000000000000000e+00,0.000000000000000000e+00,0.000000000000000000e+00,0.000000000000000000e+00,0.000000000000000000e+00,0.000000000000000000e+00,0.000000000000000000e+00,0.000000000000000000e+00,0.000000000000000000e+00,0.000000000000000000e+00,0.000000000000000000e+00,0.000000000000000000e+00,0.000000000000000000e+00,0.000000000000000000e+00,0.000000000000000000e+00,0.000000000000000000e+00,0.000000000000000000e+00,0.000000000000000000e+00,0.000000000000000000e+00,0.000000000000000000e+00,0.000000000000000000e+00,0.000000000000000000e+00,0.000000000000000000e+00,0.000000000000000000e+00,0.000000000000000000e+00,0.000000000000000000e+00,0.000000000000000000e+00,0.000000000000000000e+00,0.000000000000000000e+00,0.000000000000000000e+00,0.000000000000000000e+00,0.000000000000000000e+00,0.000000000000000000e+00,0.000000000000000000e+00,nan,7.926000000000000227e+02,8.160000000000000000e+02,1.930000000000000000e+02,9.220000000000000284e+01,3.196000000000000227e+02,3.086000000000000227e+02,4.903999999999999773e+02,8.967999999999999545e+02,8.163999999999999773e+02,4.308000000000000114e+02,3.378000000000000114e+02,7.227999999999999545e+02,8.057999999999999545e+02,4.631999999999999886e+02,3.806000000000000227e+02,7.242000000000000455e+02,7.673999999999999773e+02,5.326000000000000227e+02,7.497999999999999545e+02,8.797999999999999545e+02,5.726000000000000227e+02,4.213999999999999773e+02,4.188000000000000114e+02,7.762000000000000455e+02,1.088599999999999909e+03,7.450000000000000000e+02,4.051999999999999886e+02,5.943999999999999773e+02,9.443999999999999773e+02,1.143000000000000000e+03,1.168799999999999955e+03,1.206799999999999955e+03,1.045599999999999909e+03,5.877999999999999545e+02,5.243999999999999773e+02,9.537999999999999545e+02,9.837999999999999545e+02,8.317999999999999545e+02,9.337999999999999545e+02,8.982000000000000455e+02,5.852000000000000455e+02,6.950000000000000000e+02,9.012000000000000455e+02,6.070000000000000000e+02,5.637999999999999545e+02,8.092000000000000455e+02,6.382000000000000455e+02,4.230000000000000000e+02,1.316000000000000000e+03,1.174000000000000000e+03,7.360000000000000000e+02,4.343999999999999773e+02,6.740000000000000000e+02,7.232000000000000455e+02,4.086000000000000227e+02,6.587999999999999545e+02,9.670000000000000000e+02,4.683999999999999773e+02,2.170000000000000000e+02,4.493999999999999773e+02,9.346000000000000227e+02,1.128599999999999909e+03,6.163999999999999773e+02,0.000000000000000000e+00,0.000000000000000000e+00,0.000000000000000000e+00,0.000000000000000000e+00,0.000000000000000000e+00,0.000000000000000000e+00,0.000000000000000000e+00,0.000000000000000000e+00,0.000000000000000000e+00,0.000000000000000000e+00,0.000000000000000000e+00,0.000000000000000000e+00,0.000000000000000000e+00,0.000000000000000000e+00,0.000000000000000000e+00,0.000000000000000000e+00,0.000000000000000000e+00,0.000000000000000000e+00,0.000000000000000000e+00,0.000000000000000000e+00,0.000000000000000000e+00,0.000000000000000000e+00,0.000000000000000000e+00,0.000000000000000000e+00,0.000000000000000000e+00,0.000000000000000000e+00,0.000000000000000000e+00,0.000000000000000000e+00,0.000000000000000000e+00,0.000000000000000000e+00,0.000000000000000000e+00,0.000000000000000000e+00,0.000000000000000000e+00,0.000000000000000000e+00,0.000000000000000000e+00,0.000000000000000000e+00,0.000000000000000000e+00,0.000000000000000000e+00,0.000000000000000000e+00,0.000000000000000000e+00,0.000000000000000000e+00,0.000000000000000000e+00,0.000000000000000000e+00,0.000000000000000000e+00,0.000000000000000000e+00,0.000000000000000000e+00,0.000000000000000000e+00,0.000000000000000000e+00,0.000000000000000000e+00,0.000000000000000000e+00,0.000000000000000000e+00,0.000000000000000000e+00,0.000000000000000000e+00,0.000000000000000000e+00,0.000000000000000000e+00,0.000000000000000000e+00,0.000000000000000000e+00,0.000000000000000000e+00,0.000000000000000000e+00,0.000000000000000000e+00,0.000000000000000000e+00,0.000000000000000000e+00,0.000000000000000000e+00,0.000000000000000000e+00,0.000000000000000000e+00,0.000000000000000000e+00,0.000000000000000000e+00,0.000000000000000000e+00,0.000000000000000000e+00,0.000000000000000000e+00,0.000000000000000000e+00,0.000000000000000000e+00,0.000000000000000000e+00,0.000000000000000000e+00,0.000000000000000000e+00,0.000000000000000000e+00,0.000000000000000000e+00,0.000000000000000000e+00,nan,2.000000000000000000e+01,7.000000000000000000e+01,1.200000000000000000e+02,1.700000000000000000e+02,2.200000000000000000e+02,2.700000000000000000e+02,3.200000000000000000e+02,3.700000000000000000e+02,4.200000000000000000e+02,4.700000000000000000e+02,5.200000000000000000e+02,5.700000000000000000e+02,6.200000000000000000e+02,6.700000000000000000e+02,7.200000000000000000e+02,7.700000000000000000e+02,8.200000000000000000e+02,8.700000000000000000e+02,9.206000000000000227e+02,9.710000000000000000e+02,1.021000000000000000e+03,1.071000000000000000e+03,1.121000000000000000e+03,1.171000000000000000e+03,1.221000000000000000e+03,1.271000000000000000e+03,1.321000000000000000e+03,1.371000000000000000e+03,1.421799999999999955e+03,1.472000000000000000e+03,1.522000000000000000e+03,1.564000000000000000e+03,1.612000000000000000e+03,1.662000000000000000e+03,1.712000000000000000e+03,1.762000000000000000e+03,1.812000000000000000e+03,1.862000000000000000e+03,1.912000000000000000e+03,1.962000000000000000e+03,2.012000000000000000e+03,2.062000000000000000e+03,2.112000000000000000e+03,2.162000000000000000e+03,2.212000000000000000e+03,2.262000000000000000e+03,2.312000000000000000e+03,2.362000000000000000e+03,2.493000000000000000e+03,2.551000000000000000e+03,2.639000000000000000e+03,2.693000000000000000e+03,2.743000000000000000e+03,2.793000000000000000e+03,2.835800000000000182e+03,2.884000000000000000e+03,2.934000000000000000e+03,2.984000000000000000e+03,3.034000000000000000e+03,3.084000000000000000e+03,3.134000000000000000e+03,3.184000000000000000e+03,3.230000000000000000e+03,3.274000000000000000e+03,3.324000000000000000e+03,3.374000000000000000e+03,3.424000000000000000e+03,3.474000000000000000e+03,3.524000000000000000e+03,3.574000000000000000e+03,3.624000000000000000e+03,3.674000000000000000e+03,3.724000000000000000e+03,3.774000000000000000e+03,3.824000000000000000e+03,3.874000000000000000e+03,3.924000000000000000e+03,3.974000000000000000e+03,4.024000000000000000e+03,4.074000000000000000e+03,4.124000000000000000e+03,4.174000000000000000e+03,4.224000000000000000e+03,4.274000000000000000e+03,4.324000000000000000e+03,4.374000000000000000e+03,4.424000000000000000e+03,4.474000000000000000e+03,4.524000000000000000e+03,4.574000000000000000e+03,4.624000000000000000e+03,4.674000000000000000e+03,4.724000000000000000e+03,4.774000000000000000e+03,4.824000000000000000e+03,4.874000000000000000e+03,4.924000000000000000e+03,4.974000000000000000e+03,5.024000000000000000e+03,5.074000000000000000e+03,5.124000000000000000e+03,5.174000000000000000e+03,5.224000000000000000e+03,5.274000000000000000e+03,5.324000000000000000e+03,5.374000000000000000e+03,5.424000000000000000e+03,5.474000000000000000e+03,5.524000000000000000e+03,5.574000000000000000e+03,5.624000000000000000e+03,5.674000000000000000e+03,5.724000000000000000e+03,5.774000000000000000e+03,5.824000000000000000e+03,5.874000000000000000e+03,5.924000000000000000e+03,5.974000000000000000e+03,6.024000000000000000e+03,6.074000000000000000e+03,6.124000000000000000e+03,6.174000000000000000e+03,6.224000000000000000e+03,6.274000000000000000e+03,6.324000000000000000e+03,6.374000000000000000e+03,6.424000000000000000e+03,6.474000000000000000e+03,6.524000000000000000e+03,6.574000000000000000e+03,6.624000000000000000e+03,6.674000000000000000e+03,6.724000000000000000e+03,6.774000000000000000e+03,6.824000000000000000e+03,6.874000000000000000e+03,6.924000000000000000e+03,6.974000000000000000e+03,7.024000000000000000e+03,7.074000000000000000e+03,7.124000000000000000e+03,nan
8.647999999999999545e+02,7.860000000000000000e+02,1.601999999999999886e+02,2.424000000000000057e+02,1.035000000000000000e+03,1.306599999999999909e+03,1.159599999999999909e+03,1.474400000000000091e+03,1.681200000000000045e+03,1.440799999999999955e+03,1.103400000000000091e+03,1.890799999999999955e+03,2.197199999999999818e+03,1.931799999999999955e+03,1.964400000000000091e+03,2.388599999999999909e+03,2.522599999999999909e+03,2.523400000000000091e+03,3.111599999999999909e+03,3.264599999999999909e+03,3.327199999999999818e+03,3.279800000000000182e+03,3.127599999999999909e+03,4.119199999999999818e+03,4.261199999999999818e+03,3.967400000000000091e+03,4.330800000000000182e+03,3.880800000000000182e+03,4.331000000000000000e+03,4.968800000000000182e+03,5.123800000000000182e+03,4.870000000000000000e+03,4.863399999999999636e+03,5.267000000000000000e+03,5.641399999999999636e+03,5.830399999999999636e+03,6.184399999999999636e+03,6.051600000000000364e+03,5.730800000000000182e+03,5.928800000000000182e+03,6.331199999999999818e+03,6.300399999999999636e+03,6.209000000000000000e+03,6.813000000000000000e+03,6.676199999999999818e+03,6.870800000000000182e+03,7.310800000000000182e+03,7.558800000000000182e+03,7.374000000000000000e+03,7.237600000000000364e+03,7.499800000000000182e+03,7.987000000000000000e+03,7.922199999999999818e+03,8.103000000000000000e+03,8.696600000000000364e+03,8.544799999999999272e+03,8.332399999999999636e+03,8.727799999999999272e+03,8.607799999999999272e+03,3.638800000000000182e+03,0.000000000000000000e+00,0.000000000000000000e+00,0.000000000000000000e+00,0.000000000000000000e+00,0.000000000000000000e+00,0.000000000000000000e+00,0.000000000000000000e+00,0.000000000000000000e+00,0.000000000000000000e+00,0.000000000000000000e+00,0.000000000000000000e+00,0.000000000000000000e+00,0.000000000000000000e+00,0.000000000000000000e+00,0.000000000000000000e+00,0.000000000000000000e+00,0.000000000000000000e+00,0.000000000000000000e+00,0.000000000000000000e+00,0.000000000000000000e+00,0.000000000000000000e+00,0.000000000000000000e+00,0.000000000000000000e+00,0.000000000000000000e+00,0.000000000000000000e+00,0.000000000000000000e+00,0.000000000000000000e+00,0.000000000000000000e+00,0.000000000000000000e+00,0.000000000000000000e+00,0.000000000000000000e+00,0.000000000000000000e+00,0.000000000000000000e+00,0.000000000000000000e+00,0.000000000000000000e+00,0.000000000000000000e+00,0.000000000000000000e+00,0.000000000000000000e+00,0.000000000000000000e+00,0.000000000000000000e+00,0.000000000000000000e+00,0.000000000000000000e+00,0.000000000000000000e+00,0.000000000000000000e+00,0.000000000000000000e+00,0.000000000000000000e+00,0.000000000000000000e+00,0.000000000000000000e+00,0.000000000000000000e+00,0.000000000000000000e+00,0.000000000000000000e+00,0.000000000000000000e+00,0.000000000000000000e+00,0.000000000000000000e+00,0.000000000000000000e+00,0.000000000000000000e+00,0.000000000000000000e+00,0.000000000000000000e+00,0.000000000000000000e+00,0.000000000000000000e+00,0.000000000000000000e+00,0.000000000000000000e+00,0.000000000000000000e+00,0.000000000000000000e+00,0.000000000000000000e+00,0.000000000000000000e+00,0.000000000000000000e+00,0.000000000000000000e+00,0.000000000000000000e+00,0.000000000000000000e+00,0.000000000000000000e+00,0.000000000000000000e+00,0.000000000000000000e+00,0.000000000000000000e+00,0.000000000000000000e+00,0.000000000000000000e+00,0.000000000000000000e+00,0.000000000000000000e+00,0.000000000000000000e+00,0.000000000000000000e+00,0.000000000000000000e+00,nan,1.025200000000000045e+03,1.244200000000000045e+03,7.287999999999999545e+02,3.018000000000000114e+02,4.168000000000000114e+02,4.866000000000000227e+02,6.600000000000000000e+02,1.053400000000000091e+03,9.696000000000000227e+02,5.613999999999999773e+02,3.980000000000000000e+02,8.897999999999999545e+02,8.530000000000000000e+02,4.901999999999999886e+02,5.976000000000000227e+02,9.856000000000000227e+02,8.032000000000000455e+02,6.033999999999999773e+02,9.773999999999999773e+02,9.180000000000000000e+02,6.053999999999999773e+02,4.968000000000000114e+02,5.156000000000000227e+02,1.200799999999999955e+03,1.117599999999999909e+03,5.652000000000000455e+02,5.537999999999999545e+02,1.205000000000000000e+03,1.251000000000000000e+03,1.269599999999999909e+03,1.111200000000000045e+03,7.087999999999999545e+02,6.677999999999999545e+02,1.072000000000000000e+03,1.115000000000000000e+03,9.422000000000000455e+02,9.953999999999999773e+02,1.082799999999999955e+03,7.726000000000000227e+02,7.043999999999999773e+02,1.013799999999999955e+03,9.016000000000000227e+02,6.252000000000000455e+02,9.213999999999999773e+02,5.960000000000000000e+02,9.296000000000000227e+02,1.504000000000000000e+03,1.205400000000000091e+03,7.452000000000000455e+02,4.728000000000000114e+02,7.147999999999999545e+02,8.887999999999999545e+02,6.007999999999999545e+02,7.042000000000000455e+02,1.120799999999999955e+03,8.160000000000000000e+02,1.521999999999999886e+02,2.878000000000000114e+02,1.350599999999999909e+03,5.140000000000000000e+02,0.000000000000000000e+00,0.000000000000000000e+00,0.000000000000000000e+00,0.000000000000000000e+00,0.000000000000000000e+00,0.000000000000000000e+00,0.000000000000000000e+00,0.000000000000000000e+00,0.000000000000000000e+00,0.000000000000000000e+00,0.000000000000000000e+00,0.000000000000000000e+00,0.000000000000000000e+00,0.000000000000000000e+00,0.000000000000000000e+00,0.000000000000000000e+00,0.000000000000000000e+00,0.000000000000000000e+00,0.000000000000000000e+00,0.000000000000000000e+00,0.000000000000000000e+00,0.000000000000000000e+00,0.000000000000000000e+00,0.000000000000000000e+00,0.000000000000000000e+00,0.000000000000000000e+00,0.000000000000000000e+00,0.000000000000000000e+00,0.000000000000000000e+00,0.000000000000000000e+00,0.000000000000000000e+00,0.000000000000000000e+00,0.000000000000000000e+00,0.000000000000000000e+00,0.000000000000000000e+00,0.000000000000000000e+00,0.000000000000000000e+00,0.000000000000000000e+00,0.000000000000000000e+00,0.000000000000000000e+00,0.000000000000000000e+00,0.000000000000000000e+00,0.000000000000000000e+00,0.000000000000000000e+00,0.000000000000000000e+00,0.000000000000000000e+00,0.000000000000000000e+00,0.000000000000000000e+00,0.000000000000000000e+00,0.000000000000000000e+00,0.000000000000000000e+00,0.000000000000000000e+00,0.000000000000000000e+00,0.000000000000000000e+00,0.000000000000000000e+00,0.000000000000000000e+00,0.000000000000000000e+00,0.000000000000000000e+00,0.000000000000000000e+00,0.000000000000000000e+00,0.000000000000000000e+00,0.000000000000000000e+00,0.000000000000000000e+00,0.000000000000000000e+00,0.000000000000000000e+00,0.000000000000000000e+00,0.000000000000000000e+00,0.000000000000000000e+00,0.000000000000000000e+00,0.000000000000000000e+00,0.000000000000000000e+00,0.000000000000000000e+00,0.000000000000000000e+00,0.000000000000000000e+00,0.000000000000000000e+00,0.000000000000000000e+00,0.000000000000000000e+00,0.000000000000000000e+00,0.000000000000000000e+00,0.000000000000000000e+00,0.000000000000000000e+00,nan,2.000000000000000000e+01,7.000000000000000000e+01,1.200000000000000000e+02,1.700000000000000000e+02,2.200000000000000000e+02,2.708000000000000114e+02,3.210000000000000000e+02,3.710000000000000000e+02,4.210000000000000000e+02,4.710000000000000000e+02,5.210000000000000000e+02,5.870000000000000000e+02,6.410000000000000000e+02,6.910000000000000000e+02,7.410000000000000000e+02,7.910000000000000000e+02,8.410000000000000000e+02,8.873999999999999773e+02,9.480000000000000000e+02,1.002000000000000000e+03,1.052000000000000000e+03,1.102000000000000000e+03,1.152000000000000000e+03,1.232000000000000000e+03,1.282000000000000000e+03,1.332000000000000000e+03,1.382000000000000000e+03,1.513000000000000000e+03,1.563000000000000000e+03,1.613000000000000000e+03,1.663000000000000000e+03,1.713000000000000000e+03,1.763000000000000000e+03,1.813000000000000000e+03,1.863000000000000000e+03,1.913000000000000000e+03,1.963000000000000000e+03,2.013000000000000000e+03,2.063000000000000000e+03,2.113000000000000000e+03,2.163000000000000000e+03,2.213000000000000000e+03,2.263000000000000000e+03,2.364000000000000000e+03,2.414000000000000000e+03,2.500000000000000000e+03,2.604000000000000000e+03,2.710000000000000000e+03,2.804000000000000000e+03,2.854000000000000000e+03,2.904000000000000000e+03,2.954000000000000000e+03,3.004800000000000182e+03,3.055000000000000000e+03,3.105000000000000000e+03,3.155000000000000000e+03,3.205000000000000000e+03,3.269000000000000000e+03,3.375000000000000000e+03,3.419000000000000000e+03,3.465000000000000000e+03,3.515000000000000000e+03,3.565000000000000000e+03,3.615000000000000000e+03,3.665000000000000000e+03,3.715000000000000000e+03,3.765000000000000000e+03,3.815000000000000000e+03,3.865000000000000000e+03,3.915000000000000000e+03,3.965000000000000000e+03,4.015000000000000000e+03,4.065000000000000000e+03,4.115000000000000000e+03,4.165000000000000000e+03,4.215000000000000000e+03,4.265000000000000000e+03,4.315000000000000000e+03,4.365000000000000000e+03,4.415000000000000000e+03,4.465000000000000000e+03,4.515000000000000000e+03,4.565000000000000000e+03,4.615000000000000000e+03,4.665000000000000000e+03,4.715000000000000000e+03,4.765000000000000000e+03,4.815000000000000000e+03,4.865000000000000000e+03,4.915000000000000000e+03,4.965000000000000000e+03,5.015000000000000000e+03,5.065000000000000000e+03,5.115000000000000000e+03,5.165000000000000000e+03,5.215000000000000000e+03,5.265000000000000000e+03,5.315000000000000000e+03,5.365000000000000000e+03,5.415000000000000000e+03,5.465000000000000000e+03,5.515000000000000000e+03,5.565000000000000000e+03,5.615000000000000000e+03,5.665000000000000000e+03,5.715000000000000000e+03,5.765000000000000000e+03,5.815000000000000000e+03,5.865000000000000000e+03,5.915000000000000000e+03,5.965000000000000000e+03,6.015000000000000000e+03,6.065000000000000000e+03,6.115000000000000000e+03,6.165000000000000000e+03,6.215000000000000000e+03,6.265000000000000000e+03,6.315000000000000000e+03,6.365000000000000000e+03,6.415000000000000000e+03,6.465000000000000000e+03,6.515000000000000000e+03,6.565000000000000000e+03,6.615000000000000000e+03,6.665000000000000000e+03,6.715000000000000000e+03,6.765000000000000000e+03,6.815000000000000000e+03,6.865000000000000000e+03,6.915000000000000000e+03,6.965000000000000000e+03,7.015000000000000000e+03,7.065000000000000000e+03,7.115000000000000000e+03,7.165000000000000000e+03,7.215000000000000000e+03,7.265000000000000000e+03,7.315000000000000000e+03,7.365000000000000000e+03,7.415000000000000000e+03,7.465000000000000000e+03,nan
9.612000000000000455e+02,7.900000000000000000e+02,1.534000000000000057e+02,2.986000000000000227e+02,1.210400000000000091e+03,1.578400000000000091e+03,1.464599999999999909e+03,1.480799999999999955e+03,1.861599999999999909e+03,1.854200000000000045e+03,1.431599999999999909e+03,1.605000000000000000e+03,2.300199999999999818e+03,2.192400000000000091e+03,2.022599999999999909e+03,2.302199999999999818e+03,2.725000000000000000e+03,2.709000000000000000e+03,3.124599999999999909e+03,3.400599999999999909e+03,3.438199999999999818e+03,3.449800000000000182e+03,3.415400000000000091e+03,4.381399999999999636e+03,4.107000000000000000e+03,4.330199999999999818e+03,4.540199999999999818e+03,4.099199999999999818e+03,4.918000000000000000e+03,5.182800000000000182e+03,4.956399999999999636e+03,5.006399999999999636e+03,5.465199999999999818e+03,5.852399999999999636e+03,6.344199999999999818e+03,6.627800000000000182e+03,6.324600000000000364e+03,6.069800000000000182e+03,6.493399999999999636e+03,6.905000000000000000e+03,6.753000000000000000e+03,6.618800000000000182e+03,6.938600000000000364e+03,7.237399999999999636e+03,7.145399999999999636e+03,7.250000000000000000e+03,7.586199999999999818e+03,7.829199999999999818e+03,7.708399999999999636e+03,7.570600000000000364e+03,7.829800000000000182e+03,8.128000000000000000e+03,8.107000000000000000e+03,8.512200000000000728e+03,8.964399999999999636e+03,8.656799999999999272e+03,8.971000000000000000e+03,8.661799999999999272e+03,7.247800000000000182e+03,0.000000000000000000e+00,0.000000000000000000e+00,0.000000000000000000e+00,0.000000000000000000e+00,0.000000000000000000e+00,0.000000000000000000e+00,0.000000000000000000e+00,0.000000000000000000e+00,0.000000000000000000e+00,0.000000000000000000e+00,0.000000000000000000e+00,0.000000000000000000e+00,0.000000000000000000e+00,0.000000000000000000e+00,0.000000000000000000e+00,0.000000000000000000e+00,0.000000000000000000e+00,0.000000000000000000e+00,0.000000000000000000e+00,0.000000000000000000e+00,0.000000000000000000e+00,0.000000000000000000e+00,0.000000000000000000e+00,0.000000000000000000e+00,0.000000000000000000e+00,0.000000000000000000e+00,0.000000000000000000e+00,0.000000000000000000e+00,0.000000000000000000e+00,0.000000000000000000e+00,0.000000000000000000e+00,0.000000000000000000e+00,0.000000000000000000e+00,0.000000000000000000e+00,0.000000000000000000e+00,0.000000000000000000e+00,0.000000000000000000e+00,0.000000000000000000e+00,0.000000000000000000e+00,0.000000000000000000e+00,0.000000000000000000e+00,0.000000000000000000e+00,0.000000000000000000e+00,0.000000000000000000e+00,0.000000000000000000e+00,0.000000000000000000e+00,0.000000000000000000e+00,0.000000000000000000e+00,0.000000000000000000e+00,0.000000000000000000e+00,0.000000000000000000e+00,0.000000000000000000e+00,0.000000000000000000e+00,0.000000000000000000e+00,0.000000000000000000e+00,0.000000000000000000e+00,0.000000000000000000e+00,0.000000000000000000e+00,0.000000000000000000e+00,0.000000000000000000e+00,0.000000000000000000e+00,0.000000000000000000e+00,0.000000000000000000e+00,0.000000000000000000e+00,0.000000000000000000e+00,0.000000000000000000e+00,0.000000000000000000e+00,0.000000000000000000e+00,0.000000000000000000e+00,0.000000000000000000e+00,0.000000000000000000e+00,0.000000000000000000e+00,0.000000000000000000e+00,0.000000000000000000e+00,0.000000000000000000e+00,0.000000000000000000e+00,0.000000000000000000e+00,0.000000000000000000e+00,0.000000000000000000e+00,0.000000000000000000e+00,0.000000000000000000e+00,0.000000000000000000e+00,nan,8.643999999999999773e+02,1.018600000000000023e+03,4.571999999999999886e+02,3.220000000000000284e+01,2.550000000000000000e+02,3.110000000000000000e+02,3.411999999999999886e+02,6.813999999999999773e+02,9.300000000000000000e+02,5.966000000000000227e+02,2.130000000000000000e+02,4.503999999999999773e+02,8.300000000000000000e+02,4.988000000000000114e+02,3.006000000000000227e+02,6.117999999999999545e+02,8.383999999999999773e+02,5.180000000000000000e+02,7.096000000000000227e+02,7.697999999999999545e+02,4.268000000000000114e+02,3.428000000000000114e+02,5.143999999999999773e+02,1.126599999999999909e+03,6.052000000000000455e+02,3.433999999999999773e+02,7.426000000000000227e+02,1.241000000000000000e+03,1.217000000000000000e+03,9.753999999999999773e+02,5.820000000000000000e+02,5.872000000000000455e+02,1.025400000000000091e+03,1.025799999999999955e+03,9.386000000000000227e+02,1.124799999999999955e+03,1.071400000000000091e+03,6.856000000000000227e+02,7.267999999999999545e+02,1.055599999999999909e+03,8.787999999999999545e+02,5.021999999999999886e+02,6.903999999999999773e+02,9.167999999999999545e+02,5.666000000000000227e+02,1.001600000000000023e+03,1.297799999999999955e+03,1.130200000000000045e+03,7.993999999999999773e+02,5.176000000000000227e+02,7.510000000000000000e+02,8.257999999999999545e+02,4.991999999999999886e+02,8.500000000000000000e+02,1.109000000000000000e+03,3.110000000000000000e+02,8.959999999999999432e+01,1.167799999999999955e+03,1.054799999999999955e+03,0.000000000000000000e+00,0.000000000000000000e+00,0.000000000000000000e+00,0.000000000000000000e+00,0.000000000000000000e+00,0.000000000000000000e+00,0.000000000000000000e+00,0.000000000000000000e+00,0.000000000000000000e+00,0.000000000000000000e+00,0.000000000000000000e+00,0.000000000000000000e+00,0.000000000000000000e+00,0.000000000000000000e+00,0.000000000000000000e+00,0.000000000000000000e+00,0.000000000000000000e+00,0.000000000000000000e+00,0.000000000000000000e+00,0.000000000000000000e+00,0.000000000000000000e+00,0.000000000000000000e+00,0.000000000000000000e+00,0.000000000000000000e+00,0.000000000000000000e+00,0.000000000000000000e+00,0.000000000000000000e+00,0.000000000000000000e+00,0.000000000000000000e+00,0.000000000000000000e+00,0.000000000000000000e+00,0.000000000000000000e+00,0.000000000000000000e+00,0.000000000000000000e+00,0.000000000000000000e+00,0.000000000000000000e+00,0.000000000000000000e+00,0.000000000000000000e+00,0.000000000000000000e+00,0.000000000000000000e+00,0.000000000000000000e+00,0.000000000000000000e+00,0.000000000000000000e+00,0.000000000000000000e+00,0.000000000000000000e+00,0.000000000000000000e+00,0.000000000000000000e+00,0.000000000000000000e+00,0.000000000000000000e+00,0.000000000000000000e+00,0.000000000000000000e+00,0.000000000000000000e+00,0.000000000000000000e+00,0.000000000000000000e+00,0.000000000000000000e+00,0.000000000000000000e+00,0.000000000000000000e+00,0.000000000000000000e+00,0.000000000000000000e+00,0.000000000000000000e+00,0.000000000000000000e+00,0.000000000000000000e+00,0.000000000000000000e+00,0.000000000000000000e+00,0.000000000000000000e+00,0.000000000000000000e+00,0.000000000000000000e+00,0.000000000000000000e+00,0.000000000000000000e+00,0.000000000000000000e+00,0.000000000000000000e+00,0.000000000000000000e+00,0.000000000000000000e+00,0.000000000000000000e+00,0.000000000000000000e+00,0.000000000000000000e+00,0.000000000000000000e+00,0.000000000000000000e+00,0.000000000000000000e+00,0.000000000000000000e+00,0.000000000000000000e+00,0.000000000000000000e+00,nan,2.000000000000000000e+01,7.000000000000000000e+01,1.200000000000000000e+02,1.700000000000000000e+02,2.200000000000000000e+02,2.700000000000000000e+02,3.200000000000000000e+02,3.700000000000000000e+02,4.200000000000000000e+02,4.700000000000000000e+02,5.200000000000000000e+02,5.743999999999999773e+02,6.310000000000000000e+02,6.810000000000000000e+02,7.310000000000000000e+02,7.810000000000000000e+02,8.310000000000000000e+02,8.810000000000000000e+02,9.676000000000000227e+02,1.042000000000000000e+03,1.092000000000000000e+03,1.142000000000000000e+03,1.204000000000000000e+03,1.302000000000000000e+03,1.352000000000000000e+03,1.402000000000000000e+03,1.480000000000000000e+03,1.572000000000000000e+03,1.646400000000000091e+03,1.733000000000000000e+03,1.783000000000000000e+03,1.833000000000000000e+03,1.883000000000000000e+03,1.933000000000000000e+03,2.325599999999999909e+03,2.604000000000000000e+03,2.654000000000000000e+03,2.704000000000000000e+03,2.754000000000000000e+03,2.804000000000000000e+03,2.854000000000000000e+03,2.904000000000000000e+03,2.952199999999999818e+03,2.995000000000000000e+03,3.045000000000000000e+03,3.149000000000000000e+03,3.239000000000000000e+03,3.305000000000000000e+03,3.355000000000000000e+03,3.405000000000000000e+03,3.455000000000000000e+03,3.505000000000000000e+03,3.555000000000000000e+03,3.625400000000000091e+03,3.706000000000000000e+03,3.756000000000000000e+03,3.806000000000000000e+03,3.920000000000000000e+03,3.984000000000000000e+03,4.026000000000000000e+03,4.076000000000000000e+03,4.126000000000000000e+03,4.176000000000000000e+03,4.226000000000000000e+03,4.276000000000000000e+03,4.326000000000000000e+03,4.376000000000000000e+03,4.426000000000000000e+03,4.476000000000000000e+03,4.526000000000000000e+03,4.576000000000000000e+03,4.626000000000000000e+03,4.676000000000000000e+03,4.726000000000000000e+03,4.776000000000000000e+03,4.826000000000000000e+03,4.876000000000000000e+03,4.926000000000000000e+03,4.976000000000000000e+03,5.026000000000000000e+03,5.076000000000000000e+03,5.126000000000000000e+03,5.176000000000000000e+03,5.226000000000000000e+03,5.276000000000000000e+03,5.326000000000000000e+03,5.376000000000000000e+03,5.426000000000000000e+03,5.476000000000000000e+03,5.526000000000000000e+03,5.576000000000000000e+03,5.626000000000000000e+03,5.676000000000000000e+03,5.726000000000000000e+03,5.776000000000000000e+03,5.826000000000000000e+03,5.876000000000000000e+03,5.926000000000000000e+03,5.976000000000000000e+03,6.026000000000000000e+03,6.076000000000000000e+03,6.126000000000000000e+03,6.176000000000000000e+03,6.226000000000000000e+03,6.276000000000000000e+03,6.326000000000000000e+03,6.376000000000000000e+03,6.426000000000000000e+03,6.476000000000000000e+03,6.526000000000000000e+03,6.576000000000000000e+03,6.626000000000000000e+03,6.676000000000000000e+03,6.726000000000000000e+03,6.776000000000000000e+03,6.826000000000000000e+03,6.876000000000000000e+03,6.926000000000000000e+03,6.976000000000000000e+03,7.026000000000000000e+03,7.076000000000000000e+03,7.126000000000000000e+03,7.176000000000000000e+03,7.226000000000000000e+03,7.276000000000000000e+03,7.326000000000000000e+03,7.376000000000000000e+03,7.426000000000000000e+03,7.476000000000000000e+03,7.526000000000000000e+03,7.576000000000000000e+03,7.626000000000000000e+03,7.676000000000000000e+03,7.726000000000000000e+03,7.776000000000000000e+03,7.826000000000000000e+03,7.876000000000000000e+03,7.926000000000000000e+03,7.976000000000000000e+03,8.026000000000000000e+03,8.076000000000000000e+03,nan
8.016000000000000227e+02,7.687999999999999545e+02,1.530000000000000000e+02,2.118000000000000114e+02,9.942000000000000455e+02,1.456400000000000091e+03,1.269200000000000045e+03,1.321000000000000000e+03,1.710200000000000045e+03,1.743799999999999955e+03,1.313200000000000045e+03,1.875599999999999909e+03,1.938400000000000091e+03,1.742200000000000045e+03,2.071000000000000000e+03,2.464800000000000182e+03,2.481199999999999818e+03,2.581199999999999818e+03,3.103000000000000000e+03,3.165199999999999818e+03,3.219199999999999818e+03,3.171199999999999818e+03,3.153400000000000091e+03,4.029000000000000000e+03,3.981199999999999818e+03,4.027000000000000000e+03,4.454000000000000000e+03,3.918599999999999909e+03,4.259800000000000182e+03,4.915199999999999818e+03,5.060800000000000182e+03,4.701800000000000182e+03,4.623000000000000000e+03,4.981199999999999818e+03,5.365800000000000182e+03,5.603399999999999636e+03,5.660800000000000182e+03,5.407600000000000364e+03,5.640399999999999636e+03,6.100399999999999636e+03,6.113600000000000364e+03,5.977399999999999636e+03,6.375800000000000182e+03,6.867000000000000000e+03,6.703000000000000000e+03,6.995199999999999818e+03,7.379000000000000000e+03,7.586000000000000000e+03,7.288600000000000364e+03,7.163399999999999636e+03,7.509800000000000182e+03,7.863000000000000000e+03,7.679000000000000000e+03,7.775600000000000364e+03,8.525799999999999272e+03,8.446000000000000000e+03,8.155600000000000364e+03,8.401399999999999636e+03,6.599399999999999636e+03,0.000000000000000000e+00,0.000000000000000000e+00,0.000000000000000000e+00,0.000000000000000000e+00,0.000000000000000000e+00,0.000000000000000000e+00,0.000000000000000000e+00,0.000000000000000000e+00,0.000000000000000000e+00,0.000000000000000000e+00,0.000000000000000000e+00,0.000000000000000000e+00,0.000000000000000000e+00,0.000000000000000000e+00,0.000000000000000000e+00,0.000000000000000000e+00,0.000000000000000000e+00,0.000000000000000000e+00,0.000000000000000000e+00,0.000000000000000000e+00,0.000000000000000000e+00,0.000000000000000000e+00,0.000000000000000000e+00,0.000000000000000000e+00,0.000000000000000000e+00,0.000000000000000000e+00,0.000000000000000000e+00,0.000000000000000000e+00,0.000000000000000000e+00,0.000000000000000000e+00,0.000000000000000000e+00,0.000000000000000000e+00,0.000000000000000000e+00,0.000000000000000000e+00,0.000000000000000000e+00,0.000000000000000000e+00,0.000000000000000000e+00,0.000000000000000000e+00,0.000000000000000000e+00,0.000000000000000000e+00,0.000000000000000000e+00,0.000000000000000000e+00,0.000000000000000000e+00,0.000000000000000000e+00,0.000000000000000000e+00,0.000000000000000000e+00,0.000000000000000000e+00,0.000000000000000000e+00,0.000000000000000000e+00,0.000000000000000000e+00,0.000000000000000000e+00,0.000000000000000000e+00,0.000000000000000000e+00,0.000000000000000000e+00,0.000000000000000000e+00,0.000000000000000000e+00,0.000000000000000000e+00,0.000000000000000000e+00,0.000000000000000000e+00,0.000000000000000000e+00,0.000000000000000000e+00,0.000000000000000000e+00,0.000000000000000000e+00,0.000000000000000000e+00,0.000000000000000000e+00,0.000000000000000000e+00,0.000000000000000000e+00,0.000000000000000000e+00,0.000000000000000000e+00,0.000000000000000000e+00,0.000000000000000000e+00,0.000000000000000000e+00,0.000000000000000000e+00,0.000000000000000000e+00,0.000000000000000000e+00,0.000000000000000000e+00,0.000000000000000000e+00,0.000000000000000000e+00,0.000000000000000000e+00,0.000000000000000000e+00,0.000000000000000000e+00,0.000000000000000000e+00,nan,8.902000000000000455e+02,1.118000000000000000e+03,6.907999999999999545e+02,2.160000000000000000e+02,3.261999999999999886e+02,4.153999999999999773e+02,4.490000000000000000e+02,8.476000000000000227e+02,1.056000000000000000e+03,6.983999999999999773e+02,3.180000000000000000e+02,6.992000000000000455e+02,4.470000000000000000e+02,2.531999999999999886e+02,6.410000000000000000e+02,8.363999999999999773e+02,5.111999999999999886e+02,4.306000000000000227e+02,8.946000000000000227e+02,6.916000000000000227e+02,4.340000000000000000e+02,4.196000000000000227e+02,5.596000000000000227e+02,1.072400000000000091e+03,6.893999999999999773e+02,2.900000000000000000e+02,4.831999999999999886e+02,1.143799999999999955e+03,1.093000000000000000e+03,1.130200000000000045e+03,1.062200000000000045e+03,5.990000000000000000e+02,4.876000000000000227e+02,8.957999999999999545e+02,1.019799999999999955e+03,8.347999999999999545e+02,8.860000000000000000e+02,6.217999999999999545e+02,6.096000000000000227e+02,8.893999999999999773e+02,8.573999999999999773e+02,5.058000000000000114e+02,6.110000000000000000e+02,7.922000000000000455e+02,5.236000000000000227e+02,1.033799999999999955e+03,1.332200000000000045e+03,1.123000000000000000e+03,7.080000000000000000e+02,4.671999999999999886e+02,7.233999999999999773e+02,7.896000000000000227e+02,4.668000000000000114e+02,5.433999999999999773e+02,1.178200000000000045e+03,9.636000000000000227e+02,2.254000000000000057e+02,3.638000000000000114e+02,1.130000000000000000e+03,0.000000000000000000e+00,0.000000000000000000e+00,0.000000000000000000e+00,0.000000000000000000e+00,0.000000000000000000e+00,0.000000000000000000e+00,0.000000000000000000e+00,0.000000000000000000e+00,0.000000000000000000e+00,0.000000000000000000e+00,0.000000000000000000e+00,0.000000000000000000e+00,0.000000000000000000e+00,0.000000000000000000e+00,0.000000000000000000e+00,0.000000000000000000e+00,0.000000000000000000e+00,0.000000000000000000e+00,0.000000000000000000e+00,0.000000000000000000e+00,0.000000000000000000e+00,0.000000000000000000e+00,0.000000000000000000e+00,0.000000000000000000e+00,0.000000000000000000e+00,0.000000000000000000e+00,0.000000000000000000e+00,0.000000000000000000e+00,0.000000000000000000e+00,0.000000000000000000e+00,0.000000000000000000e+00,0.000000000000000000e+00,0.000000000000000000e+00,0.000000000000000000e+00,0.000000000000000000e+00,0.000000000000000000e+00,0.000000000000000000e+00,0.000000000000000000e+00,0.000000000000000000e+00,0.000000000000000000e+00,0.000000000000000000e+00,0.000000000000000000e+00,0.000000000000000000e+00,0.000000000000000000e+00,0.000000000000000000e+00,0.000000000000000000e+00,0.000000000000000000e+00,0.000000000000000000e+00,0.000000000000000000e+00,0.000000000000000000e+00,0.000000000000000000e+00,0.000000000000000000e+00,0.000000000000000000e+00,0.000000000000000000e+00,0.000000000000000000e+00,0.000000000000000000e+00,0.000000000000000000e+00,0.000000000000000000e+00,0.000000000000000000e+00,0.000000000000000000e+00,0.000000000000000000e+00,0.000000000000000000e+00,0.000000000000000000e+00,0.000000000000000000e+00,0.000000000000000000e+00,0.000000000000000000e+00,0.000000000000000000e+00,0.000000000000000000e+00,0.000000000000000000e+00,0.000000000000000000e+00,0.000000000000000000e+00,0.000000000000000000e+00,0.000000000000000000e+00,0.000000000000000000e+00,0.000000000000000000e+00,0.000000000000000000e+00,0.000000000000000000e+00,0.000000000000000000e+00,0.000000000000000000e+00,0.000000000000000000e+00,0.000000000000000000e+00,0.000000000000000000e+00,nan,2.000000000000000000e+01,7.000000000000000000e+01,1.200000000000000000e+02,1.700000000000000000e+02,2.200000000000000000e+02,2.700000000000000000e+02,3.200000000000000000e+02,3.700000000000000000e+02,4.200000000000000000e+02,4.700000000000000000e+02,5.200000000000000000e+02,6.187999999999999545e+02,6.810000000000000000e+02,7.310000000000000000e+02,7.810000000000000000e+02,8.310000000000000000e+02,8.810000000000000000e+02,9.352000000000000455e+02,1.002000000000000000e+03,1.052000000000000000e+03,1.102000000000000000e+03,1.152000000000000000e+03,1.208000000000000000e+03,1.282000000000000000e+03,1.332000000000000000e+03,1.382000000000000000e+03,1.446000000000000000e+03,1.552000000000000000e+03,1.602000000000000000e+03,1.652000000000000000e+03,1.702000000000000000e+03,1.752000000000000000e+03,1.802000000000000000e+03,1.852000000000000000e+03,1.902000000000000000e+03,1.980400000000000091e+03,2.073000000000000000e+03,2.123000000000000000e+03,2.173000000000000000e+03,2.223000000000000000e+03,2.273000000000000000e+03,2.323000000000000000e+03,2.389400000000000091e+03,2.464000000000000000e+03,2.514000000000000000e+03,2.612000000000000000e+03,2.694000000000000000e+03,2.780000000000000000e+03,2.854000000000000000e+03,2.904000000000000000e+03,2.954000000000000000e+03,3.004000000000000000e+03,3.054000000000000000e+03,3.104000000000000000e+03,3.165000000000000000e+03,3.215000000000000000e+03,3.265000000000000000e+03,3.343000000000000000e+03,3.503000000000000000e+03,3.545000000000000000e+03,3.595000000000000000e+03,3.645000000000000000e+03,3.695000000000000000e+03,3.745000000000000000e+03,3.795000000000000000e+03,3.845000000000000000e+03,3.895000000000000000e+03,3.945000000000000000e+03,3.995000000000000000e+03,4.045000000000000000e+03,4.095000000000000000e+03,4.145000000000000000e+03,4.195000000000000000e+03,4.245000000000000000e+03,4.295000000000000000e+03,4.345000000000000000e+03,4.395000000000000000e+03,4.445000000000000000e+03,4.495000000000000000e+03,4.545000000000000000e+03,4.595000000000000000e+03,4.645000000000000000e+03,4.695000000000000000e+03,4.745000000000000000e+03,4.795000000000000000e+03,4.845000000000000000e+03,4.895000000000000000e+03,4.945000000000000000e+03,4.995000000000000000e+03,5.045000000000000000e+03,5.095000000000000000e+03,5.145000000000000000e+03,5.195000000000000000e+03,5.245000000000000000e+03,5.295000000000000000e+03,5.345000000000000000e+03,5.395000000000000000e+03,5.445000000000000000e+03,5.495000000000000000e+03,5.545000000000000000e+03,5.595000000000000000e+03,5.645000000000000000e+03,5.695000000000000000e+03,5.745000000000000000e+03,5.795000000000000000e+03,5.845000000000000000e+03,5.895000000000000000e+03,5.945000000000000000e+03,5.995000000000000000e+03,6.045000000000000000e+03,6.095000000000000000e+03,6.145000000000000000e+03,6.195000000000000000e+03,6.245000000000000000e+03,6.295000000000000000e+03,6.345000000000000000e+03,6.395000000000000000e+03,6.445000000000000000e+03,6.495000000000000000e+03,6.545000000000000000e+03,6.595000000000000000e+03,6.645000000000000000e+03,6.695000000000000000e+03,6.745000000000000000e+03,6.795000000000000000e+03,6.845000000000000000e+03,6.895000000000000000e+03,6.945000000000000000e+03,6.995000000000000000e+03,7.045000000000000000e+03,7.095000000000000000e+03,7.145000000000000000e+03,7.195000000000000000e+03,7.245000000000000000e+03,7.295000000000000000e+03,7.345000000000000000e+03,7.395000000000000000e+03,7.445000000000000000e+03,7.495000000000000000e+03,7.545000000000000000e+03,7.595000000000000000e+03,nan
9.497999999999999545e+02,8.280000000000000000e+02,1.655999999999999943e+02,3.106000000000000227e+02,1.254400000000000091e+03,1.586599999999999909e+03,1.406599999999999909e+03,1.425200000000000045e+03,1.791599999999999909e+03,1.800400000000000091e+03,1.393000000000000000e+03,1.994200000000000045e+03,2.248400000000000091e+03,2.059599999999999909e+03,2.062599999999999909e+03,2.503199999999999818e+03,2.803000000000000000e+03,2.701400000000000091e+03,2.941000000000000000e+03,3.395400000000000091e+03,3.303800000000000182e+03,3.318400000000000091e+03,3.138599999999999909e+03,3.484400000000000091e+03,4.169399999999999636e+03,3.851000000000000000e+03,4.088800000000000182e+03,4.110800000000000182e+03,3.809599999999999909e+03,4.628000000000000000e+03,4.701399999999999636e+03,4.483800000000000182e+03,4.548600000000000364e+03,5.044600000000000364e+03,5.412399999999999636e+03,5.659199999999999818e+03,5.760199999999999818e+03,5.498199999999999818e+03,5.650000000000000000e+03,6.128800000000000182e+03,6.316800000000000182e+03,6.150000000000000000e+03,6.323800000000000182e+03,6.896800000000000182e+03,6.929199999999999818e+03,6.813800000000000182e+03,7.112399999999999636e+03,7.309399999999999636e+03,7.544399999999999636e+03,7.362000000000000000e+03,7.238600000000000364e+03,7.540199999999999818e+03,7.923000000000000000e+03,7.771800000000000182e+03,7.986800000000000182e+03,8.632200000000000728e+03,8.705399999999999636e+03,8.273000000000000000e+03,8.651000000000000000e+03,9.153799999999999272e+03,8.786399999999999636e+03,8.325799999999999272e+03,5.412399999999999636e+03,0.000000000000000000e+00,0.000000000000000000e+00,0.000000000000000000e+00,0.000000000000000000e+00,0.000000000000000000e+00,0.000000000000000000e+00,0.000000000000000000e+00,0.000000000000000000e+00,0.000000000000000000e+00,0.000000000000000000e+00,0.000000000000000000e+00,0.000000000000000000e+00,0.000000000000000000e+00,0.000000000000000000e+00,0.000000000000000000e+00,0.000000000000000000e+00,0.000000000000000000e+00,0.000000000000000000e+00,0.000000000000000000e+00,0.000000000000000000e+00,0.000000000000000000e+00,0.000000000000000000e+00,0.000000000000000000e+00,0.000000000000000000e+00,0.000000000000000000e+00,0.000000000000000000e+00,0.000000000000000000e+00,0.000000000000000000e+00,0.000000000000000000e+00,0.000000000000000000e+00,0.000000000000000000e+00,0.000000000000000000e+00,0.000000000000000000e+00,0.000000000000000000e+00,0.000000000000000000e+00,0.000000000000000000e+00,0.000000000000000000e+00,0.000000000000000000e+00,0.000000000000000000e+00,0.000000000000000000e+00,0.000000000000000000e+00,0.000000000000000000e+00,0.000000000000000000e+00,0.000000000000000000e+00,0.000000000000000000e+00,0.000000000000000000e+00,0.000000000000000000e+00,0.000000000000000000e+00,0.000000000000000000e+00,0.000000000000000000e+00,0.000000000000000000e+00,0.000000000000000000e+00,0.000000000000000000e+00,0.000000000000000000e+00,0.000000000000000000e+00,0.000000000000000000e+00,0.000000000000000000e+00,0.000000000000000000e+00,0.000000000000000000e+00,0.000000000000000000e+00,0.000000000000000000e+00,0.000000000000000000e+00,0.000000000000000000e+00,0.000000000000000000e+00,0.000000000000000000e+00,0.000000000000000000e+00,0.000000000000000000e+00,0.000000000000000000e+00,0.000000000000000000e+00,0.000000000000000000e+00,0.000000000000000000e+00,0.000000000000000000e+00,0.000000000000000000e+00,0.000000000000000000e+00,0.000000000000000000e+00,0.000000000000000000e+00,0.000000000000000000e+00,0.000000000000000000e+00,nan,9.270000000000000000e+02,1.101400000000000091e+03,5.456000000000000227e+02,1.175999999999999943e+02,3.261999999999999886e+02,3.691999999999999886e+02,4.241999999999999886e+02,8.020000000000000000e+02,1.050599999999999909e+03,7.393999999999999773e+02,3.571999999999999886e+02,7.577999999999999545e+02,6.976000000000000227e+02,3.713999999999999773e+02,4.101999999999999886e+02,8.590000000000000000e+02,8.740000000000000000e+02,5.040000000000000000e+02,5.910000000000000000e+02,9.366000000000000227e+02,5.823999999999999773e+02,3.793999999999999773e+02,3.256000000000000227e+02,6.373999999999999773e+02,9.732000000000000455e+02,4.303999999999999773e+02,2.165999999999999943e+02,7.600000000000000000e+02,1.081400000000000091e+03,1.051000000000000000e+03,7.770000000000000000e+02,3.760000000000000000e+02,4.200000000000000000e+02,8.673999999999999773e+02,8.753999999999999773e+02,8.030000000000000000e+02,9.467999999999999545e+02,6.986000000000000227e+02,5.610000000000000000e+02,8.082000000000000455e+02,9.926000000000000227e+02,6.422000000000000455e+02,5.586000000000000227e+02,8.626000000000000227e+02,7.112000000000000455e+02,4.516000000000000227e+02,9.747999999999999545e+02,1.238799999999999955e+03,1.067000000000000000e+03,7.047999999999999545e+02,4.763999999999999773e+02,6.882000000000000455e+02,8.272000000000000455e+02,5.163999999999999773e+02,6.026000000000000227e+02,1.058400000000000091e+03,1.032400000000000091e+03,3.673999999999999773e+02,2.480000000000000071e+01,2.505999999999999943e+02,8.522000000000000455e+02,1.238400000000000091e+03,6.780000000000000000e+02,0.000000000000000000e+00,0.000000000000000000e+00,0.000000000000000000e+00,0.000000000000000000e+00,0.000000000000000000e+00,0.000000000000000000e+00,0.000000000000000000e+00,0.000000000000000000e+00,0.000000000000000000e+00,0.000000000000000000e+00,0.000000000000000000e+00,0.000000000000000000e+00,0.000000000000000000e+00,0.000000000000000000e+00,0.000000000000000000e+00,0.000000000000000000e+00,0.000000000000000000e+00,0.000000000000000000e+00,0.000000000000000000e+00,0.000000000000000000e+00,0.000000000000000000e+00,0.000000000000000000e+00,0.000000000000000000e+00,0.000000000000000000e+00,0.000000000000000000e+00,0.000000000000000000e+00,0.000000000000000000e+00,0.000000000000000000e+00,0.000000000000000000e+00,0.000000000000000000e+00,0.000000000000000000e+00,0.000000000000000000e+00,0.000000000000000000e+00,0.000000000000000000e+00,0.000000000000000000e+00,0.000000000000000000e+00,0.000000000000000000e+00,0.000000000000000000e+00,0.000000000000000000e+00,0.000000000000000000e+00,0.000000000000000000e+00,0.000000000000000000e+00,0.000000000000000000e+00,0.000000000000000000e+00,0.000000000000000000e+00,0.000000000000000000e+00,0.000000000000000000e+00,0.000000000000000000e+00,0.000000000000000000e+00,0.000000000000000000e+00,0.000000000000000000e+00,0.000000000000000000e+00,0.000000000000000000e+00,0.000000000000000000e+00,0.000000000000000000e+00,0.000000000000000000e+00,0.000000000000000000e+00,0.000000000000000000e+00,0.000000000000000000e+00,0.000000000000000000e+00,0.000000000000000000e+00,0.000000000000000000e+00,0.000000000000000000e+00,0.000000000000000000e+00,0.000000000000000000e+00,0.000000000000000000e+00,0.000000000000000000e+00,0.000000000000000000e+00,0.000000000000000000e+00,0.000000000000000000e+00,0.000000000000000000e+00,0.000000000000000000e+00,0.000000000000000000e+00,0.000000000000000000e+00,0.000000000000000000e+00,0.000000000000000000e+00,0.000000000000000000e+00,0.000000000000000000e+00,nan,2.000000000000000000e+01,7.000000000000000000e+01,1.200000000000000000e+02,1.700000000000000000e+02,2.200000000000000000e+02,2.700000000000000000e+02,3.200000000000000000e+02,3.700000000000000000e+02,4.200000000000000000e+02,4.700000000000000000e+02,5.163999999999999773e+02,6.010000000000000000e+02,6.610000000000000000e+02,7.110000000000000000e+02,7.610000000000000000e+02,8.110000000000000000e+02,8.610000000000000000e+02,9.110000000000000000e+02,9.773999999999999773e+02,1.052000000000000000e+03,1.102000000000000000e+03,1.152000000000000000e+03,1.202000000000000000e+03,1.272000000000000000e+03,1.352000000000000000e+03,1.402000000000000000e+03,1.452000000000000000e+03,1.544000000000000000e+03,1.622000000000000000e+03,1.692400000000000091e+03,1.773000000000000000e+03,1.823000000000000000e+03,1.873000000000000000e+03,1.923000000000000000e+03,1.973000000000000000e+03,2.051000000000000000e+03,2.143000000000000000e+03,2.193000000000000000e+03,2.243000000000000000e+03,2.293000000000000000e+03,2.343000000000000000e+03,2.393000000000000000e+03,2.443000000000000000e+03,2.493000000000000000e+03,2.543000000000000000e+03,2.593000000000000000e+03,2.679599999999999909e+03,2.754000000000000000e+03,2.828000000000000000e+03,2.894000000000000000e+03,2.944000000000000000e+03,2.994000000000000000e+03,3.044000000000000000e+03,3.094000000000000000e+03,3.145000000000000000e+03,3.195000000000000000e+03,3.245000000000000000e+03,3.295000000000000000e+03,3.345000000000000000e+03,3.395000000000000000e+03,3.445000000000000000e+03,3.495000000000000000e+03,3.541000000000000000e+03,3.585000000000000000e+03,3.635000000000000000e+03,3.685000000000000000e+03,3.735000000000000000e+03,3.785000000000000000e+03,3.835000000000000000e+03,3.885000000000000000e+03,3.935000000000000000e+03,3.985000000000000000e+03,4.035000000000000000e+03,4.085000000000000000e+03,4.135000000000000000e+03,4.185000000000000000e+03,4.235000000000000000e+03,4.285000000000000000e+03,4.335000000000000000e+03,4.385000000000000000e+03,4.435000000000000000e+03,4.485000000000000000e+03,4.535000000000000000e+03,4.585000000000000000e+03,4.635000000000000000e+03,4.685000000000000000e+03,4.735000000000000000e+03,4.785000000000000000e+03,4.835000000000000000e+03,4.885000000000000000e+03,4.935000000000000000e+03,4.985000000000000000e+03,5.035000000000000000e+03,5.085000000000000000e+03,5.135000000000000000e+03,5.185000000000000000e+03,5.235000000000000000e+03,5.285000000000000000e+03,5.335000000000000000e+03,5.385000000000000000e+03,5.435000000000000000e+03,5.485000000000000000e+03,5.535000000000000000e+03,5.585000000000000000e+03,5.635000000000000000e+03,5.685000000000000000e+03,5.735000000000000000e+03,5.785000000000000000e+03,5.835000000000000000e+03,5.885000000000000000e+03,5.935000000000000000e+03,5.985000000000000000e+03,6.035000000000000000e+03,6.085000000000000000e+03,6.135000000000000000e+03,6.185000000000000000e+03,6.235000000000000000e+03,6.285000000000000000e+03,6.335000000000000000e+03,6.385000000000000000e+03,6.435000000000000000e+03,6.485000000000000000e+03,6.535000000000000000e+03,6.585000000000000000e+03,6.635000000000000000e+03,6.685000000000000000e+03,6.735000000000000000e+03,6.785000000000000000e+03,6.835000000000000000e+03,6.885000000000000000e+03,6.935000000000000000e+03,6.985000000000000000e+03,7.035000000000000000e+03,7.085000000000000000e+03,7.135000000000000000e+03,7.185000000000000000e+03,7.235000000000000000e+03,7.285000000000000000e+03,7.335000000000000000e+03,7.385000000000000000e+03,7.435000000000000000e+03,nan
7.180000000000000000e+02,6.100000000000000000e+02,7.759999999999999432e+01,4.001999999999999886e+02,1.229200000000000045e+03,1.358000000000000000e+03,1.240200000000000045e+03,1.530200000000000045e+03,1.676599999999999909e+03,1.377400000000000091e+03,1.099599999999999909e+03,1.528200000000000045e+03,2.091599999999999909e+03,1.968000000000000000e+03,1.843799999999999955e+03,2.235599999999999909e+03,2.437400000000000091e+03,2.462000000000000000e+03,2.890800000000000182e+03,3.139400000000000091e+03,3.198400000000000091e+03,3.055800000000000182e+03,2.943800000000000182e+03,3.481400000000000091e+03,3.969800000000000182e+03,3.759400000000000091e+03,3.862800000000000182e+03,4.397199999999999818e+03,3.860400000000000091e+03,3.744199999999999818e+03,4.579000000000000000e+03,4.922199999999999818e+03,4.604800000000000182e+03,4.597800000000000182e+03,4.992600000000000364e+03,5.310399999999999636e+03,5.545000000000000000e+03,5.880800000000000182e+03,5.689199999999999818e+03,5.401399999999999636e+03,5.622800000000000182e+03,6.026800000000000182e+03,6.078600000000000364e+03,6.163000000000000000e+03,6.561399999999999636e+03,6.618800000000000182e+03,6.443600000000000364e+03,6.753600000000000364e+03,7.097399999999999636e+03,7.270399999999999636e+03,7.007000000000000000e+03,7.007000000000000000e+03,7.419199999999999818e+03,7.530199999999999818e+03,7.665800000000000182e+03,8.259600000000000364e+03,8.254000000000000000e+03,7.969000000000000000e+03,8.347799999999999272e+03,8.900000000000000000e+03,8.507200000000000728e+03,8.315000000000000000e+03,5.394000000000000000e+03,0.000000000000000000e+00,0.000000000000000000e+00,0.000000000000000000e+00,0.000000000000000000e+00,0.000000000000000000e+00,0.000000000000000000e+00,0.000000000000000000e+00,0.000000000000000000e+00,0.000000000000000000e+00,0.000000000000000000e+00,0.000000000000000000e+00,0.000000000000000000e+00,0.000000000000000000e+00,0.000000000000000000e+00,0.000000000000000000e+00,0.000000000000000000e+00,0.000000000000000000e+00,0.000000000000000000e+00,0.000000000000000000e+00,0.000000000000000000e+00,0.000000000000000000e+00,0.000000000000000000e+00,0.000000000000000000e+00,0.000000000000000000e+00,0.000000000000000000e+00,0.000000000000000000e+00,0.000000000000000000e+00,0.000000000000000000e+00,0.000000000000000000e+00,0.000000000000000000e+00,0.000000000000000000e+00,0.000000000000000000e+00,0.000000000000000000e+00,0.000000000000000000e+00,0.000000000000000000e+00,0.000000000000000000e+00,0.000000000000000000e+00,0.000000000000000000e+00,0.000000000000000000e+00,0.000000000000000000e+00,0.000000000000000000e+00,0.000000000000000000e+00,0.000000000000000000e+00,0.000000000000000000e+00,0.000000000000000000e+00,0.000000000000000000e+00,0.000000000000000000e+00,0.000000000000000000e+00,0.000000000000000000e+00,0.000000000000000000e+00,0.000000000000000000e+00,0.000000000000000000e+00,0.000000000000000000e+00,0.000000000000000000e+00,0.000000000000000000e+00,0.000000000000000000e+00,0.000000000000000000e+00,0.000000000000000000e+00,0.000000000000000000e+00,0.000000000000000000e+00,0.000000000000000000e+00,0.000000000000000000e+00,0.000000000000000000e+00,0.000000000000000000e+00,0.000000000000000000e+00,0.000000000000000000e+00,0.000000000000000000e+00,0.000000000000000000e+00,0.000000000000000000e+00,0.000000000000000000e+00,0.000000000000000000e+00,0.000000000000000000e+00,0.000000000000000000e+00,0.000000000000000000e+00,0.000000000000000000e+00,0.000000000000000000e+00,0.000000000000000000e+00,0.000000000000000000e+00,nan,8.936000000000000227e+02,9.860000000000000000e+02,4.061999999999999886e+02,1.034000000000000057e+02,3.126000000000000227e+02,3.540000000000000000e+02,5.100000000000000000e+02,8.552000000000000455e+02,7.967999999999999545e+02,3.491999999999999886e+02,2.164000000000000057e+02,5.626000000000000227e+02,7.813999999999999773e+02,4.608000000000000114e+02,3.068000000000000114e+02,6.313999999999999773e+02,6.593999999999999773e+02,4.288000000000000114e+02,6.687999999999999545e+02,7.726000000000000227e+02,4.403999999999999773e+02,2.570000000000000000e+02,3.273999999999999773e+02,7.303999999999999773e+02,8.523999999999999773e+02,3.706000000000000227e+02,1.751999999999999886e+02,4.650000000000000000e+02,9.112000000000000455e+02,9.920000000000000000e+02,9.917999999999999545e+02,7.900000000000000000e+02,3.876000000000000227e+02,3.703999999999999773e+02,8.047999999999999545e+02,8.006000000000000227e+02,6.176000000000000227e+02,7.043999999999999773e+02,7.816000000000000227e+02,4.523999999999999773e+02,4.678000000000000114e+02,7.577999999999999545e+02,6.200000000000000000e+02,4.691999999999999886e+02,6.922000000000000455e+02,6.052000000000000455e+02,3.710000000000000000e+02,9.022000000000000455e+02,1.131799999999999955e+03,8.820000000000000000e+02,4.658000000000000114e+02,3.586000000000000227e+02,6.632000000000000455e+02,5.767999999999999545e+02,4.503999999999999773e+02,7.740000000000000000e+02,7.742000000000000455e+02,2.028000000000000114e+02,8.079999999999999716e+01,4.886000000000000227e+02,1.024000000000000000e+03,1.232599999999999909e+03,6.763999999999999773e+02,0.000000000000000000e+00,0.000000000000000000e+00,0.000000000000000000e+00,0.000000000000000000e+00,0.000000000000000000e+00,0.000000000000000000e+00,0.000000000000000000e+00,0.000000000000000000e+00,0.000000000000000000e+00,0.000000000000000000e+00,0.000000000000000000e+00,0.000000000000000000e+00,0.000000000000000000e+00,0.000000000000000000e+00,0.000000000000000000e+00,0.000000000000000000e+00,0.000000000000000000e+00,0.000000000000000000e+00,0.000000000000000000e+00,0.000000000000000000e+00,0.000000000000000000e+00,0.000000000000000000e+00,0.000000000000000000e+00,0.000000000000000000e+00,0.000000000000000000e+00,0.000000000000000000e+00,0.000000000000000000e+00,0.000000000000000000e+00,0.000000000000000000e+00,0.000000000000000000e+00,0.000000000000000000e+00,0.000000000000000000e+00,0.000000000000000000e+00,0.000000000000000000e+00,0.000000000000000000e+00,0.000000000000000000e+00,0.000000000000000000e+00,0.000000000000000000e+00,0.000000000000000000e+00,0.000000000000000000e+00,0.000000000000000000e+00,0.000000000000000000e+00,0.000000000000000000e+00,0.000000000000000000e+00,0.000000000000000000e+00,0.000000000000000000e+00,0.000000000000000000e+00,0.000000000000000000e+00,0.000000000000000000e+00,0.000000000000000000e+00,0.000000000000000000e+00,0.000000000000000000e+00,0.000000000000000000e+00,0.000000000000000000e+00,0.000000000000000000e+00,0.000000000000000000e+00,0.000000000000000000e+00,0.000000000000000000e+00,0.000000000000000000e+00,0.000000000000000000e+00,0.000000000000000000e+00,0.000000000000000000e+00,0.000000000000000000e+00,0.000000000000000000e+00,0.000000000000000000e+00,0.000000000000000000e+00,0.000000000000000000e+00,0.000000000000000000e+00,0.000000000000000000e+00,0.000000000000000000e+00,0.000000000000000000e+00,0.000000000000000000e+00,0.000000000000000000e+00,0.000000000000000000e+00,0.000000000000000000e+00,0.000000000000000000e+00,0.000000000000000000e+00,0.000000000000000000e+00,nan,2.000000000000000000e+01,7.000000000000000000e+01,1.200000000000000000e+02,1.700000000000000000e+02,2.200000000000000000e+02,2.700000000000000000e+02,3.200000000000000000e+02,3.700000000000000000e+02,4.200000000000000000e+02,4.708000000000000114e+02,5.210000000000000000e+02,5.710000000000000000e+02,6.210000000000000000e+02,6.710000000000000000e+02,7.210000000000000000e+02,7.710000000000000000e+02,8.210000000000000000e+02,8.710000000000000000e+02,9.210000000000000000e+02,9.710000000000000000e+02,1.021000000000000000e+03,1.071000000000000000e+03,1.121000000000000000e+03,1.171000000000000000e+03,1.221000000000000000e+03,1.271000000000000000e+03,1.321000000000000000e+03,1.371000000000000000e+03,1.432000000000000000e+03,1.482000000000000000e+03,1.546000000000000000e+03,1.612000000000000000e+03,1.662000000000000000e+03,1.712000000000000000e+03,1.762000000000000000e+03,1.812799999999999955e+03,1.863000000000000000e+03,1.913000000000000000e+03,1.963000000000000000e+03,2.013000000000000000e+03,2.063000000000000000e+03,2.113000000000000000e+03,2.163000000000000000e+03,2.213000000000000000e+03,2.263000000000000000e+03,2.313000000000000000e+03,2.363000000000000000e+03,2.455599999999999909e+03,2.534000000000000000e+03,2.614000000000000000e+03,2.684000000000000000e+03,2.734000000000000000e+03,2.778000000000000000e+03,2.824000000000000000e+03,2.874000000000000000e+03,2.924000000000000000e+03,2.974000000000000000e+03,3.024000000000000000e+03,3.074000000000000000e+03,3.124000000000000000e+03,3.174000000000000000e+03,3.224000000000000000e+03,3.270000000000000000e+03,3.314000000000000000e+03,3.364000000000000000e+03,3.414000000000000000e+03,3.464000000000000000e+03,3.514000000000000000e+03,3.564000000000000000e+03,3.614000000000000000e+03,3.664000000000000000e+03,3.714000000000000000e+03,3.764000000000000000e+03,3.814000000000000000e+03,3.864000000000000000e+03,3.914000000000000000e+03,3.964000000000000000e+03,4.014000000000000000e+03,4.064000000000000000e+03,4.114000000000000000e+03,4.164000000000000000e+03,4.214000000000000000e+03,4.264000000000000000e+03,4.314000000000000000e+03,4.364000000000000000e+03,4.414000000000000000e+03,4.464000000000000000e+03,4.514000000000000000e+03,4.564000000000000000e+03,4.614000000000000000e+03,4.664000000000000000e+03,4.714000000000000000e+03,4.764000000000000000e+03,4.814000000000000000e+03,4.864000000000000000e+03,4.914000000000000000e+03,4.964000000000000000e+03,5.014000000000000000e+03,5.064000000000000000e+03,5.114000000000000000e+03,5.164000000000000000e+03,5.214000000000000000e+03,5.264000000000000000e+03,5.314000000000000000e+03,5.364000000000000000e+03,5.414000000000000000e+03,5.464000000000000000e+03,5.514000000000000000e+03,5.564000000000000000e+03,5.614000000000000000e+03,5.664000000000000000e+03,5.714000000000000000e+03,5.764000000000000000e+03,5.814000000000000000e+03,5.864000000000000000e+03,5.914000000000000000e+03,5.964000000000000000e+03,6.014000000000000000e+03,6.064000000000000000e+03,6.114000000000000000e+03,6.164000000000000000e+03,6.214000000000000000e+03,6.264000000000000000e+03,6.314000000000000000e+03,6.364000000000000000e+03,6.414000000000000000e+03,6.464000000000000000e+03,6.514000000000000000e+03,6.564000000000000000e+03,6.614000000000000000e+03,6.664000000000000000e+03,6.714000000000000000e+03,6.764000000000000000e+03,6.814000000000000000e+03,6.864000000000000000e+03,6.914000000000000000e+03,6.964000000000000000e+03,7.014000000000000000e+03,7.064000000000000000e+03,7.114000000000000000e+03,7.164000000000000000e+03,nan
8.077999999999999545e+02,7.672000000000000455e+02,2.420000000000000000e+02,1.918000000000000114e+02,1.103400000000000091e+03,1.573799999999999955e+03,1.516200000000000045e+03,1.651599999999999909e+03,2.079000000000000000e+03,2.053000000000000000e+03,1.634799999999999955e+03,1.822599999999999909e+03,2.603199999999999818e+03,2.507400000000000091e+03,2.439400000000000091e+03,2.831800000000000182e+03,3.111599999999999909e+03,3.076599999999999909e+03,3.532400000000000091e+03,4.003000000000000000e+03,4.024000000000000000e+03,4.066800000000000182e+03,4.040199999999999818e+03,5.005199999999999818e+03,4.756399999999999636e+03,5.130199999999999818e+03,4.846199999999999818e+03,5.388399999999999636e+03,6.067800000000000182e+03,5.804000000000000000e+03,5.833199999999999818e+03,6.199600000000000364e+03,6.532199999999999818e+03,6.922600000000000364e+03,7.160600000000000364e+03,6.930800000000000182e+03,7.097199999999999818e+03,7.472000000000000000e+03,7.477600000000000364e+03,7.484399999999999636e+03,7.916199999999999818e+03,8.046600000000000364e+03,7.872800000000000182e+03,8.221799999999999272e+03,8.610799999999999272e+03,8.908600000000000364e+03,8.745000000000000000e+03,8.472600000000000364e+03,8.722000000000000000e+03,9.051399999999999636e+03,8.886200000000000728e+03,9.384600000000000364e+03,9.751000000000000000e+03,9.406799999999999272e+03,9.828600000000000364e+03,5.886000000000000000e+03,0.000000000000000000e+00,0.000000000000000000e+00,0.000000000000000000e+00,0.000000000000000000e+00,0.000000000000000000e+00,0.000000000000000000e+00,0.000000000000000000e+00,0.000000000000000000e+00,0.000000000000000000e+00,0.000000000000000000e+00,0.000000000000000000e+00,0.000000000000000000e+00,0.000000000000000000e+00,0.000000000000000000e+00,0.000000000000000000e+00,0.000000000000000000e+00,0.000000000000000000e+00,0.000000000000000000e+00,0.000000000000000000e+00,0.000000000000000000e+00,0.000000000000000000e+00,0.000000000000000000e+00,0.000000000000000000e+00,0.000000000000000000e+00,0.000000000000000000e+00,0.000000000000000000e+00,0.000000000000000000e+00,0.000000000000000000e+00,0.000000000000000000e+00,0.000000000000000000e+00,0.000000000000000000e+00,0.000000000000000000e+00,0.000000000000000000e+00,0.000000000000000000e+00,0.000000000000000000e+00,0.000000000000000000e+00,0.000000000000000000e+00,0.000000000000000000e+00,0.000000000000000000e+00,0.000000000000000000e+00,0.000000000000000000e+00,0.000000000000000000e+00,0.000000000000000000e+00,0.000000000000000000e+00,0.000000000000000000e+00,0.000000000000000000e+00,0.000000000000000000e+00,0.000000000000000000e+00,0.000000000000000000e+00,0.000000000000000000e+00,0.000000000000000000e+00,0.000000000000000000e+00,0.000000000000000000e+00,0.000000000000000000e+00,0.000000000000000000e+00,0.000000000000000000e+00,0.000000000000000000e+00,0.000000000000000000e+00,0.000000000000000000e+00,0.000000000000000000e+00,0.000000000000000000e+00,0.000000000000000000e+00,0.000000000000000000e+00,0.000000000000000000e+00,0.000000000000000000e+00,0.000000000000000000e+00,0.000000000000000000e+00,0.000000000000000000e+00,0.000000000000000000e+00,0.000000000000000000e+00,0.000000000000000000e+00,0.000000000000000000e+00,0.000000000000000000e+00,0.000000000000000000e+00,0.000000000000000000e+00,0.000000000000000000e+00,0.000000000000000000e+00,0.000000000000000000e+00,0.000000000000000000e+00,0.000000000000000000e+00,0.000000000000000000e+00,0.000000000000000000e+00,0.000000000000000000e+00,0.000000000000000000e+00,0.000000000000000000e+00,nan,8.636000000000000227e+02,1.004799999999999955e+03,6.256000000000000227e+02,5.660000000000000142e+01,2.666000000000000227e+02,3.780000000000000000e+02,4.520000000000000000e+02,8.262000000000000455e+02,1.049000000000000000e+03,6.130000000000000000e+02,2.960000000000000000e+02,5.336000000000000227e+02,8.842000000000000455e+02,5.300000000000000000e+02,4.376000000000000227e+02,7.982000000000000455e+02,8.062000000000000455e+02,4.820000000000000000e+02,7.547999999999999545e+02,1.021000000000000000e+03,6.186000000000000227e+02,4.511999999999999886e+02,5.592000000000000455e+02,1.090799999999999955e+03,4.958000000000000114e+02,4.073999999999999773e+02,1.306799999999999955e+03,1.327000000000000000e+03,1.142599999999999909e+03,6.663999999999999773e+02,5.910000000000000000e+02,1.001600000000000023e+03,1.036599999999999909e+03,9.280000000000000000e+02,1.063400000000000091e+03,7.772000000000000455e+02,7.303999999999999773e+02,9.746000000000000227e+02,8.703999999999999773e+02,6.982000000000000455e+02,8.912000000000000455e+02,8.452000000000000455e+02,6.230000000000000000e+02,1.185799999999999955e+03,1.412200000000000045e+03,1.294599999999999909e+03,9.702000000000000455e+02,6.186000000000000227e+02,7.236000000000000227e+02,8.462000000000000455e+02,5.132000000000000455e+02,7.993999999999999773e+02,9.887999999999999545e+02,2.385999999999999943e+02,4.181999999999999886e+02,9.323999999999999773e+02,0.000000000000000000e+00,0.000000000000000000e+00,0.000000000000000000e+00,0.000000000000000000e+00,0.000000000000000000e+00,0.000000000000000000e+00,0.000000000000000000e+00,0.000000000000000000e+00,0.000000000000000000e+00,0.000000000000000000e+00,0.000000000000000000e+00,0.000000000000000000e+00,0.000000000000000000e+00,0.000000000000000000e+00,0.000000000000000000e+00,0.000000000000000000e+00,0.000000000000000000e+00,0.000000000000000000e+00,0.000000000000000000e+00,0.000000000000000000e+00,0.000000000000000000e+00,0.000000000000000000e+00,0.000000000000000000e+00,0.000000000000000000e+00,0.000000000000000000e+00,0.000000000000000000e+00,0.000000000000000000e+00,0.000000000000000000e+00,0.000000000000000000e+00,0.000000000000000000e+00,0.000000000000000000e+00,0.000000000000000000e+00,0.000000000000000000e+00,0.000000000000000000e+00,0.000000000000000000e+00,0.000000000000000000e+00,0.000000000000000000e+00,0.000000000000000000e+00,0.000000000000000000e+00,0.000000000000000000e+00,0.000000000000000000e+00,0.000000000000000000e+00,0.000000000000000000e+00,0.000000000000000000e+00,0.000000000000000000e+00,0.000000000000000000e+00,0.000000000000000000e+00,0.000000000000000000e+00,0.000000000000000000e+00,0.000000000000000000e+00,0.000000000000000000e+00,0.000000000000000000e+00,0.000000000000000000e+00,0.000000000000000000e+00,0.000000000000000000e+00,0.000000000000000000e+00,0.000000000000000000e+00,0.000000000000000000e+00,0.000000000000000000e+00,0.000000000000000000e+00,0.000000000000000000e+00,0.000000000000000000e+00,0.000000000000000000e+00,0.000000000000000000e+00,0.000000000000000000e+00,0.000000000000000000e+00,0.000000000000000000e+00,0.000000000000000000e+00,0.000000000000000000e+00,0.000000000000000000e+00,0.000000000000000000e+00,0.000000000000000000e+00,0.000000000000000000e+00,0.000000000000000000e+00,0.000000000000000000e+00,0.000000000000000000e+00,0.000000000000000000e+00,0.000000000000000000e+00,0.000000000000000000e+00,0.000000000000000000e+00,0.000000000000000000e+00,0.000000000000000000e+00,0.000000000000000000e+00,0.000000000000000000e+00,0.000000000000000000e+00,nan,2.000000000000000000e+01,7.000000000000000000e+01,1.200000000000000000e+02,1.700000000000000000e+02,2.200000000000000000e+02,2.700000000000000000e+02,3.200000000000000000e+02,3.700000000000000000e+02,4.200000000000000000e+02,4.708000000000000114e+02,5.210000000000000000e+02,5.830000000000000000e+02,6.510000000000000000e+02,7.010000000000000000e+02,7.510000000000000000e+02,8.010000000000000000e+02,8.510000000000000000e+02,9.010000000000000000e+02,9.590000000000000000e+02,1.013000000000000000e+03,1.061000000000000000e+03,1.111000000000000000e+03,1.181599999999999909e+03,1.312000000000000000e+03,1.362000000000000000e+03,1.412000000000000000e+03,1.552000000000000000e+03,1.602000000000000000e+03,1.722000000000000000e+03,1.772000000000000000e+03,1.822799999999999955e+03,1.873000000000000000e+03,1.923000000000000000e+03,1.997000000000000000e+03,2.083000000000000000e+03,2.133000000000000000e+03,2.183000000000000000e+03,2.233000000000000000e+03,2.283000000000000000e+03,2.333000000000000000e+03,2.383000000000000000e+03,2.433000000000000000e+03,2.483000000000000000e+03,2.575599999999999909e+03,2.654000000000000000e+03,2.704000000000000000e+03,2.754000000000000000e+03,2.804000000000000000e+03,2.854000000000000000e+03,2.904000000000000000e+03,2.954000000000000000e+03,3.024000000000000000e+03,3.104000000000000000e+03,3.154000000000000000e+03,3.221000000000000000e+03,3.371000000000000000e+03,3.415000000000000000e+03,3.465000000000000000e+03,3.515000000000000000e+03,3.565000000000000000e+03,3.615000000000000000e+03,3.665000000000000000e+03,3.715000000000000000e+03,3.765000000000000000e+03,3.815000000000000000e+03,3.865000000000000000e+03,3.915000000000000000e+03,3.965000000000000000e+03,4.015000000000000000e+03,4.065000000000000000e+03,4.115000000000000000e+03,4.165000000000000000e+03,4.215000000000000000e+03,4.265000000000000000e+03,4.315000000000000000e+03,4.365000000000000000e+03,4.415000000000000000e+03,4.465000000000000000e+03,4.515000000000000000e+03,4.565000000000000000e+03,4.615000000000000000e+03,4.665000000000000000e+03,4.715000000000000000e+03,4.765000000000000000e+03,4.815000000000000000e+03,4.865000000000000000e+03,4.915000000000000000e+03,4.965000000000000000e+03,5.015000000000000000e+03,5.065000000000000000e+03,5.115000000000000000e+03,5.165000000000000000e+03,5.215000000000000000e+03,5.265000000000000000e+03,5.315000000000000000e+03,5.365000000000000000e+03,5.415000000000000000e+03,5.465000000000000000e+03,5.515000000000000000e+03,5.565000000000000000e+03,5.615000000000000000e+03,5.665000000000000000e+03,5.715000000000000000e+03,5.765000000000000000e+03,5.815000000000000000e+03,5.865000000000000000e+03,5.915000000000000000e+03,5.965000000000000000e+03,6.015000000000000000e+03,6.065000000000000000e+03,6.115000000000000000e+03,6.165000000000000000e+03,6.215000000000000000e+03,6.265000000000000000e+03,6.315000000000000000e+03,6.365000000000000000e+03,6.415000000000000000e+03,6.465000000000000000e+03,6.515000000000000000e+03,6.565000000000000000e+03,6.615000000000000000e+03,6.665000000000000000e+03,6.715000000000000000e+03,6.765000000000000000e+03,6.815000000000000000e+03,6.865000000000000000e+03,6.915000000000000000e+03,6.965000000000000000e+03,7.015000000000000000e+03,7.065000000000000000e+03,7.115000000000000000e+03,7.165000000000000000e+03,7.215000000000000000e+03,7.265000000000000000e+03,7.315000000000000000e+03,7.365000000000000000e+03,7.415000000000000000e+03,7.465000000000000000e+03,7.515000000000000000e+03,7.565000000000000000e+03,7.615000000000000000e+03,nan
8.727999999999999545e+02,7.526000000000000227e+02,1.541999999999999886e+02,3.281999999999999886e+02,1.306400000000000091e+03,1.641400000000000091e+03,1.481000000000000000e+03,1.683200000000000045e+03,1.987799999999999955e+03,1.783400000000000091e+03,1.383799999999999955e+03,1.779599999999999909e+03,2.446599999999999909e+03,2.360400000000000091e+03,2.145199999999999818e+03,2.432199999999999818e+03,2.780400000000000091e+03,2.755199999999999818e+03,3.074599999999999909e+03,3.661800000000000182e+03,3.647000000000000000e+03,3.687800000000000182e+03,3.616599999999999909e+03,3.623400000000000091e+03,4.330800000000000182e+03,4.651600000000000364e+03,4.342399999999999636e+03,4.587600000000000364e+03,5.205800000000000182e+03,4.525199999999999818e+03,4.596399999999999636e+03,5.401600000000000364e+03,5.473399999999999636e+03,5.175800000000000182e+03,5.255399999999999636e+03,5.764399999999999636e+03,6.205399999999999636e+03,6.360800000000000182e+03,6.619399999999999636e+03,6.605800000000000182e+03,6.300199999999999818e+03,6.466399999999999636e+03,6.838800000000000182e+03,6.893600000000000364e+03,6.802000000000000000e+03,7.000600000000000364e+03,7.313800000000000182e+03,7.164399999999999636e+03,7.326000000000000000e+03,7.759600000000000364e+03,8.002600000000000364e+03,7.720800000000000182e+03,7.787600000000000364e+03,8.259799999999999272e+03,8.306799999999999272e+03,8.494799999999999272e+03,9.073000000000000000e+03,8.939399999999999636e+03,8.723799999999999272e+03,9.274799999999999272e+03,8.787600000000000364e+03,7.602399999999999636e+03,0.000000000000000000e+00,0.000000000000000000e+00,0.000000000000000000e+00,0.000000000000000000e+00,0.000000000000000000e+00,0.000000000000000000e+00,0.000000000000000000e+00,0.000000000000000000e+00,0.000000000000000000e+00,0.000000000000000000e+00,0.000000000000000000e+00,0.000000000000000000e+00,0.000000000000000000e+00,0.000000000000000000e+00,0.000000000000000000e+00,0.000000000000000000e+00,0.000000000000000000e+00,0.000000000000000000e+00,0.000000000000000000e+00,0.000000000000000000e+00,0.000000000000000000e+00,0.000000000000000000e+00,0.000000000000000000e+00,0.000000000000000000e+00,0.000000000000000000e+00,0.000000000000000000e+00,0.000000000000000000e+00,0.000000000000000000e+00,0.000000000000000000e+00,0.000000000000000000e+00,0.000000000000000000e+00,0.000000000000000000e+00,0.000000000000000000e+00,0.000000000000000000e+00,0.000000000000000000e+00,0.000000000000000000e+00,0.000000000000000000e+00,0.000000000000000000e+00,0.000000000000000000e+00,0.000000000000000000e+00,0.000000000000000000e+00,0.000000000000000000e+00,0.000000000000000000e+00,0.000000000000000000e+00,0.000000000000000000e+00,0.000000000000000000e+00,0.000000000000000000e+00,0.000000000000000000e+00,0.000000000000000000e+00,0.000000000000000000e+00,0.000000000000000000e+00,0.000000000000000000e+00,0.000000000000000000e+00,0.000000000000000000e+00,0.000000000000000000e+00,0.000000000000000000e+00,0.000000000000000000e+00,0.000000000000000000e+00,0.000000000000000000e+00,0.000000000000000000e+00,0.000000000000000000e+00,0.000000000000000000e+00,0.000000000000000000e+00,0.000000000000000000e+00,0.000000000000000000e+00,0.000000000000000000e+00,0.000000000000000000e+00,0.000000000000000000e+00,0.000000000000000000e+00,0.000000000000000000e+00,0.000000000000000000e+00,0.000000000000000000e+00,0.000000000000000000e+00,0.000000000000000000e+00,0.000000000000000000e+00,0.000000000000000000e+00,0.000000000000000000e+00,0.000000000000000000e+00,0.000000000000000000e+00,nan,8.622000000000000455e+02,1.043799999999999955e+03,4.740000000000000000e+02,3.700000000000000000e+01,1.924000000000000057e+02,2.464000000000000057e+02,3.988000000000000114e+02,8.403999999999999773e+02,9.113999999999999773e+02,4.511999999999999886e+02,2.068000000000000114e+02,5.800000000000000000e+02,8.966000000000000227e+02,5.250000000000000000e+02,2.966000000000000227e+02,6.422000000000000455e+02,8.092000000000000455e+02,4.660000000000000000e+02,5.487999999999999545e+02,9.216000000000000227e+02,6.526000000000000227e+02,3.751999999999999886e+02,3.410000000000000000e+02,4.798000000000000114e+02,9.353999999999999773e+02,1.004200000000000045e+03,4.653999999999999773e+02,2.708000000000000114e+02,5.542000000000000455e+02,1.129200000000000045e+03,1.158400000000000091e+03,1.158599999999999909e+03,8.960000000000000000e+02,5.096000000000000227e+02,5.992000000000000455e+02,1.047799999999999955e+03,9.653999999999999773e+02,8.222000000000000455e+02,8.736000000000000227e+02,9.972000000000000455e+02,6.976000000000000227e+02,6.743999999999999773e+02,9.610000000000000000e+02,9.572000000000000455e+02,6.296000000000000227e+02,7.282000000000000455e+02,8.590000000000000000e+02,5.942000000000000455e+02,9.066000000000000227e+02,1.331200000000000045e+03,9.917999999999999545e+02,5.437999999999999545e+02,4.868000000000000114e+02,8.012000000000000455e+02,6.073999999999999773e+02,6.362000000000000455e+02,1.057000000000000000e+03,8.657999999999999545e+02,2.431999999999999886e+02,3.346000000000000227e+02,1.464799999999999955e+03,1.012200000000000045e+03,0.000000000000000000e+00,0.000000000000000000e+00,0.000000000000000000e+00,0.000000000000000000e+00,0.000000000000000000e+00,0.000000000000000000e+00,0.000000000000000000e+00,0.000000000000000000e+00,0.000000000000000000e+00,0.000000000000000000e+00,0.000000000000000000e+00,0.000000000000000000e+00,0.000000000000000000e+00,0.000000000000000000e+00,0.000000000000000000e+00,0.000000000000000000e+00,0.000000000000000000e+00,0.000000000000000000e+00,0.000000000000000000e+00,0.000000000000000000e+00,0.000000000000000000e+00,0.000000000000000000e+00,0.000000000000000000e+00,0.000000000000000000e+00,0.000000000000000000e+00,0.000000000000000000e+00,0.000000000000000000e+00,0.000000000000000000e+00,0.000000000000000000e+00,0.000000000000000000e+00,0.000000000000000000e+00,0.000000000000000000e+00,0.000000000000000000e+00,0.000000000000000000e+00,0.000000000000000000e+00,0.000000000000000000e+00,0.000000000000000000e+00,0.000000000000000000e+00,0.000000000000000000e+00,0.000000000000000000e+00,0.000000000000000000e+00,0.000000000000000000e+00,0.000000000000000000e+00,0.000000000000000000e+00,0.000000000000000000e+00,0.000000000000000000e+00,0.000000000000000000e+00,0.000000000000000000e+00,0.000000000000000000e+00,0.000000000000000000e+00,0.000000000000000000e+00,0.000000000000000000e+00,0.000000000000000000e+00,0.000000000000000000e+00,0.000000000000000000e+00,0.000000000000000000e+00,0.000000000000000000e+00,0.000000000000000000e+00,0.000000000000000000e+00,0.000000000000000000e+00,0.000000000000000000e+00,0.000000000000000000e+00,0.000000000000000000e+00,0.000000000000000000e+00,0.000000000000000000e+00,0.000000000000000000e+00,0.000000000000000000e+00,0.000000000000000000e+00,0.000000000000000000e+00,0.000000000000000000e+00,0.000000000000000000e+00,0.000000000000000000e+00,0.000000000000000000e+00,0.000000000000000000e+00,0.000000000000000000e+00,0.000000000000000000e+00,0.000000000000000000e+00,0.000000000000000000e+00,0.000000000000000000e+00,nan,2.000000000000000000e+01,7.000000000000000000e+01,1.200000000000000000e+02,1.700000000000000000e+02,2.200000000000000000e+02,2.700000000000000000e+02,3.200000000000000000e+02,3.700000000000000000e+02,4.200000000000000000e+02,4.640000000000000000e+02,5.100000000000000000e+02,5.600000000000000000e+02,6.100000000000000000e+02,6.600000000000000000e+02,7.100000000000000000e+02,7.600000000000000000e+02,8.106000000000000227e+02,8.610000000000000000e+02,9.110000000000000000e+02,9.610000000000000000e+02,1.011000000000000000e+03,1.061000000000000000e+03,1.111000000000000000e+03,1.161000000000000000e+03,1.211000000000000000e+03,1.261000000000000000e+03,1.311000000000000000e+03,1.355599999999999909e+03,1.402000000000000000e+03,1.502000000000000000e+03,1.552000000000000000e+03,1.614000000000000000e+03,1.672000000000000000e+03,1.722000000000000000e+03,1.772000000000000000e+03,1.822000000000000000e+03,1.872000000000000000e+03,1.922000000000000000e+03,1.972000000000000000e+03,2.022000000000000000e+03,2.072000000000000000e+03,2.122000000000000000e+03,2.172000000000000000e+03,2.222000000000000000e+03,2.264800000000000182e+03,2.317000000000000000e+03,2.373000000000000000e+03,2.423000000000000000e+03,2.505000000000000000e+03,2.603000000000000000e+03,2.709800000000000182e+03,2.774000000000000000e+03,2.824000000000000000e+03,2.874000000000000000e+03,2.924000000000000000e+03,2.974000000000000000e+03,3.024000000000000000e+03,3.074000000000000000e+03,3.124000000000000000e+03,3.174000000000000000e+03,3.292000000000000000e+03,3.332000000000000000e+03,3.374000000000000000e+03,3.424000000000000000e+03,3.474000000000000000e+03,3.524000000000000000e+03,3.574000000000000000e+03,3.624000000000000000e+03,3.674000000000000000e+03,3.724000000000000000e+03,3.774000000000000000e+03,3.824000000000000000e+03,3.874000000000000000e+03,3.924000000000000000e+03,3.974000000000000000e+03,4.024000000000000000e+03,4.074000000000000000e+03,4.124000000000000000e+03,4.174000000000000000e+03,4.224000000000000000e+03,4.274000000000000000e+03,4.324000000000000000e+03,4.374000000000000000e+03,4.424000000000000000e+03,4.474000000000000000e+03,4.524000000000000000e+03,4.574000000000000000e+03,4.624000000000000000e+03,4.674000000000000000e+03,4.724000000000000000e+03,4.774000000000000000e+03,4.824000000000000000e+03,4.874000000000000000e+03,4.924000000000000000e+03,4.974000000000000000e+03,5.024000000000000000e+03,5.074000000000000000e+03,5.124000000000000000e+03,5.174000000000000000e+03,5.224000000000000000e+03,5.274000000000000000e+03,5.324000000000000000e+03,5.374000000000000000e+03,5.424000000000000000e+03,5.474000000000000000e+03,5.524000000000000000e+03,5.574000000000000000e+03,5.624000000000000000e+03,5.674000000000000000e+03,5.724000000000000000e+03,5.774000000000000000e+03,5.824000000000000000e+03,5.874000000000000000e+03,5.924000000000000000e+03,5.974000000000000000e+03,6.024000000000000000e+03,6.074000000000000000e+03,6.124000000000000000e+03,6.174000000000000000e+03,6.224000000000000000e+03,6.274000000000000000e+03,6.324000000000000000e+03,6.374000000000000000e+03,6.424000000000000000e+03,6.474000000000000000e+03,6.524000000000000000e+03,6.574000000000000000e+03,6.624000000000000000e+03,6.674000000000000000e+03,6.724000000000000000e+03,6.774000000000000000e+03,6.824000000000000000e+03,6.874000000000000000e+03,6.924000000000000000e+03,6.974000000000000000e+03,7.024000000000000000e+03,7.074000000000000000e+03,7.124000000000000000e+03,7.174000000000000000e+03,7.224000000000000000e+03,7.274000000000000000e+03,nan
4.961999999999999886e+02,5.922000000000000455e+02,2.970000000000000000e+02,2.460000000000000142e+01,3.236000000000000227e+02,1.012200000000000045e+03,1.245200000000000045e+03,1.091799999999999955e+03,1.238799999999999955e+03,1.690599999999999909e+03,1.628000000000000000e+03,1.114400000000000091e+03,1.394000000000000000e+03,2.274000000000000000e+03,2.036200000000000045e+03,1.725400000000000091e+03,1.896799999999999955e+03,2.460199999999999818e+03,2.615000000000000000e+03,2.387599999999999909e+03,2.296000000000000000e+03,2.294000000000000000e+03,2.292599999999999909e+03,2.293000000000000000e+03,2.992199999999999818e+03,3.440599999999999909e+03,3.225800000000000182e+03,3.133199999999999818e+03,3.189000000000000000e+03,3.034199999999999818e+03,2.887800000000000182e+03,3.304599999999999909e+03,3.986199999999999818e+03,4.083400000000000091e+03,3.688800000000000182e+03,3.600400000000000091e+03,4.034000000000000000e+03,4.317199999999999818e+03,3.896599999999999909e+03,3.595400000000000091e+03,3.919000000000000000e+03,4.422600000000000364e+03,4.537199999999999818e+03,4.268600000000000364e+03,4.114199999999999818e+03,4.291199999999999818e+03,4.771000000000000000e+03,5.024800000000000182e+03,5.138600000000000364e+03,5.287399999999999636e+03,5.271800000000000182e+03,5.104199999999999818e+03,5.085199999999999818e+03,5.380399999999999636e+03,5.699800000000000182e+03,5.692800000000000182e+03,5.722000000000000000e+03,6.016399999999999636e+03,6.166399999999999636e+03,6.152399999999999636e+03,6.270600000000000364e+03,6.580600000000000364e+03,6.566399999999999636e+03,6.352800000000000182e+03,6.491800000000000182e+03,6.798600000000000364e+03,6.914399999999999636e+03,7.193800000000000182e+03,7.558199999999999818e+03,7.404000000000000000e+03,7.213600000000000364e+03,7.534399999999999636e+03,7.875000000000000000e+03,7.565600000000000364e+03,7.341800000000000182e+03,7.727600000000000364e+03,6.516199999999999818e+03,0.000000000000000000e+00,0.000000000000000000e+00,0.000000000000000000e+00,0.000000000000000000e+00,0.000000000000000000e+00,0.000000000000000000e+00,0.000000000000000000e+00,0.000000000000000000e+00,0.000000000000000000e+00,0.000000000000000000e+00,0.000000000000000000e+00,0.000000000000000000e+00,0.000000000000000000e+00,0.000000000000000000e+00,0.000000000000000000e+00,0.000000000000000000e+00,0.000000000000000000e+00,0.000000000000000000e+00,0.000000000000000000e+00,0.000000000000000000e+00,0.000000000000000000e+00,0.000000000000000000e+00,0.000000000000000000e+00,0.000000000000000000e+00,0.000000000000000000e+00,0.000000000000000000e+00,0.000000000000000000e+00,0.000000000000000000e+00,0.000000000000000000e+00,0.000000000000000000e+00,0.000000000000000000e+00,0.000000000000000000e+00,0.000000000000000000e+00,0.000000000000000000e+00,0.000000000000000000e+00,0.000000000000000000e+00,0.000000000000000000e+00,0.000000000000000000e+00,0.000000000000000000e+00,0.000000000000000000e+00,0.000000000000000000e+00,0.000000000000000000e+00,0.000000000000000000e+00,0.000000000000000000e+00,0.000000000000000000e+00,0.000000000000000000e+00,0.000000000000000000e+00,0.000000000000000000e+00,0.000000000000000000e+00,0.000000000000000000e+00,0.000000000000000000e+00,0.000000000000000000e+00,0.000000000000000000e+00,0.000000000000000000e+00,0.000000000000000000e+00,0.000000000000000000e+00,0.000000000000000000e+00,0.000000000000000000e+00,0.000000000000000000e+00,0.000000000000000000e+00,0.000000000000000000e+00,0.000000000000000000e+00,0.000000000000000000e+00,0.000000000000000000e+00,nan,6.676000000000000227e+02,8.770000000000000000e+02,8.616000000000000227e+02,4.378000000000000114e+02,2.165999999999999943e+02,2.663999999999999773e+02,2.871999999999999886e+02,3.841999999999999886e+02,6.993999999999999773e+02,8.323999999999999773e+02,5.493999999999999773e+02,2.673999999999999773e+02,4.020000000000000000e+02,7.630000000000000000e+02,4.473999999999999773e+02,1.821999999999999886e+02,3.721999999999999886e+02,7.376000000000000227e+02,5.810000000000000000e+02,2.758000000000000114e+02,1.384000000000000057e+02,1.310000000000000000e+02,1.344000000000000057e+02,1.628000000000000114e+02,4.583999999999999773e+02,7.793999999999999773e+02,6.756000000000000227e+02,3.673999999999999773e+02,2.028000000000000114e+02,1.281999999999999886e+02,1.730000000000000000e+02,4.511999999999999886e+02,8.180000000000000000e+02,8.027999999999999545e+02,3.563999999999999773e+02,7.479999999999999716e+01,2.114000000000000057e+02,5.517999999999999545e+02,7.767999999999999545e+02,7.826000000000000227e+02,7.582000000000000455e+02,8.132000000000000455e+02,7.596000000000000227e+02,3.841999999999999886e+02,2.360000000000000000e+02,3.906000000000000227e+02,7.217999999999999545e+02,6.460000000000000000e+02,4.456000000000000227e+02,4.823999999999999773e+02,5.773999999999999773e+02,4.101999999999999886e+02,2.828000000000000114e+02,4.420000000000000000e+02,5.527999999999999545e+02,3.468000000000000114e+02,3.068000000000000114e+02,4.276000000000000227e+02,3.573999999999999773e+02,5.206000000000000227e+02,8.693999999999999773e+02,8.246000000000000227e+02,5.357999999999999545e+02,1.838000000000000114e+02,3.160000000000000000e+02,3.976000000000000227e+02,2.946000000000000227e+02,5.146000000000000227e+02,7.700000000000000000e+02,4.493999999999999773e+02,5.560000000000000142e+01,5.139999999999999858e+01,3.346000000000000227e+02,7.643999999999999773e+02,9.273999999999999773e+02,8.166000000000000227e+02,6.467999999999999545e+02,0.000000000000000000e+00,0.000000000000000000e+00,0.000000000000000000e+00,0.000000000000000000e+00,0.000000000000000000e+00,0.000000000000000000e+00,0.000000000000000000e+00,0.000000000000000000e+00,0.000000000000000000e+00,0.000000000000000000e+00,0.000000000000000000e+00,0.000000000000000000e+00,0.000000000000000000e+00,0.000000000000000000e+00,0.000000000000000000e+00,0.000000000000000000e+00,0.000000000000000000e+00,0.000000000000000000e+00,0.000000000000000000e+00,0.000000000000000000e+00,0.000000000000000000e+00,0.000000000000000000e+00,0.000000000000000000e+00,0.000000000000000000e+00,0.000000000000000000e+00,0.000000000000000000e+00,0.000000000000000000e+00,0.000000000000000000e+00,0.000000000000000000e+00,0.000000000000000000e+00,0.000000000000000000e+00,0.000000000000000000e+00,0.000000000000000000e+00,0.000000000000000000e+00,0.000000000000000000e+00,0.000000000000000000e+00,0.000000000000000000e+00,0.000000000000000000e+00,0.000000000000000000e+00,0.000000000000000000e+00,0.000000000000000000e+00,0.000000000000000000e+00,0.000000000000000000e+00,0.000000000000000000e+00,0.000000000000000000e+00,0.000000000000000000e+00,0.000000000000000000e+00,0.000000000000000000e+00,0.000000000000000000e+00,0.000000000000000000e+00,0.000000000000000000e+00,0.000000000000000000e+00,0.000000000000000000e+00,0.000000000000000000e+00,0.000000000000000000e+00,0.000000000000000000e+00,0.000000000000000000e+00,0.000000000000000000e+00,0.000000000000000000e+00,0.000000000000000000e+00,0.000000000000000000e+00,0.000000000000000000e+00,0.000000000000000000e+00,0.000000000000000000e+00,nan,2.000000000000000000e+01,7.000000000000000000e+01,1.200000000000000000e+02,1.700000000000000000e+02,2.200000000000000000e+02,2.700000000000000000e+02,3.200000000000000000e+02,3.660000000000000000e+02,4.100000000000000000e+02,4.600000000000000000e+02,5.100000000000000000e+02,5.603999999999999773e+02,6.350000000000000000e+02,7.210000000000000000e+02,7.710000000000000000e+02,8.210000000000000000e+02,8.710000000000000000e+02,9.210000000000000000e+02,9.710000000000000000e+02,1.021000000000000000e+03,1.071000000000000000e+03,1.121000000000000000e+03,1.171000000000000000e+03,1.221000000000000000e+03,1.289599999999999909e+03,1.352000000000000000e+03,1.402000000000000000e+03,1.452000000000000000e+03,1.502000000000000000e+03,1.552000000000000000e+03,1.602000000000000000e+03,1.652000000000000000e+03,1.702000000000000000e+03,1.752000000000000000e+03,1.802000000000000000e+03,1.852000000000000000e+03,1.902000000000000000e+03,1.952000000000000000e+03,2.002000000000000000e+03,2.052000000000000000e+03,2.102000000000000000e+03,2.152000000000000000e+03,2.202000000000000000e+03,2.252000000000000000e+03,2.302000000000000000e+03,2.352000000000000000e+03,2.402000000000000000e+03,2.452000000000000000e+03,2.502000000000000000e+03,2.552000000000000000e+03,2.602000000000000000e+03,2.652000000000000000e+03,2.702000000000000000e+03,2.752000000000000000e+03,2.802000000000000000e+03,2.850400000000000091e+03,2.894000000000000000e+03,2.944000000000000000e+03,2.994000000000000000e+03,3.072000000000000000e+03,3.164000000000000000e+03,3.214000000000000000e+03,3.264000000000000000e+03,3.314000000000000000e+03,3.364599999999999909e+03,3.415000000000000000e+03,3.465000000000000000e+03,3.515000000000000000e+03,3.565000000000000000e+03,3.615000000000000000e+03,3.665000000000000000e+03,3.715000000000000000e+03,3.757000000000000000e+03,3.805000000000000000e+03,3.855000000000000000e+03,3.905000000000000000e+03,3.953000000000000000e+03,3.995000000000000000e+03,4.045000000000000000e+03,4.095000000000000000e+03,4.145000000000000000e+03,4.195000000000000000e+03,4.245000000000000000e+03,4.295000000000000000e+03,4.345000000000000000e+03,4.395000000000000000e+03,4.445000000000000000e+03,4.495000000000000000e+03,4.545000000000000000e+03,4.595000000000000000e+03,4.645000000000000000e+03,4.695000000000000000e+03,4.745000000000000000e+03,4.795000000000000000e+03,4.845000000000000000e+03,4.895000000000000000e+03,4.945000000000000000e+03,4.995000000000000000e+03,5.045000000000000000e+03,5.095000000000000000e+03,5.145000000000000000e+03,5.195000000000000000e+03,5.245000000000000000e+03,5.295000000000000000e+03,5.345000000000000000e+03,5.395000000000000000e+03,5.445000000000000000e+03,5.495000000000000000e+03,5.545000000000000000e+03,5.595000000000000000e+03,5.645000000000000000e+03,5.695000000000000000e+03,5.745000000000000000e+03,5.795000000000000000e+03,5.845000000000000000e+03,5.895000000000000000e+03,5.945000000000000000e+03,5.995000000000000000e+03,6.045000000000000000e+03,6.095000000000000000e+03,6.145000000000000000e+03,6.195000000000000000e+03,6.245000000000000000e+03,6.295000000000000000e+03,6.345000000000000000e+03,6.395000000000000000e+03,6.445000000000000000e+03,6.495000000000000000e+03,6.545000000000000000e+03,6.595000000000000000e+03,6.645000000000000000e+03,6.695000000000000000e+03,6.745000000000000000e+03,6.795000000000000000e+03,6.845000000000000000e+03,6.895000000000000000e+03,6.945000000000000000e+03,6.995000000000000000e+03,7.045000000000000000e+03,7.095000000000000000e+03,7.145000000000000000e+03,nan
7.016000000000000227e+02,7.917999999999999545e+02,5.697999999999999545e+02,1.047999999999999972e+02,1.674000000000000057e+02,8.543999999999999773e+02,1.254200000000000045e+03,1.145599999999999909e+03,1.163200000000000045e+03,1.554599999999999909e+03,1.730799999999999955e+03,1.290599999999999909e+03,1.170599999999999909e+03,1.820799999999999955e+03,2.292599999999999909e+03,1.981000000000000000e+03,1.797400000000000091e+03,2.265400000000000091e+03,2.658199999999999818e+03,2.546400000000000091e+03,2.717599999999999909e+03,3.311000000000000000e+03,3.553800000000000182e+03,3.355000000000000000e+03,2.939400000000000091e+03,3.140000000000000000e+03,3.956800000000000182e+03,4.163600000000000364e+03,3.822800000000000182e+03,3.953599999999999909e+03,4.388800000000000182e+03,4.294000000000000000e+03,3.900800000000000182e+03,4.003000000000000000e+03,4.513000000000000000e+03,4.734199999999999818e+03,4.491600000000000364e+03,4.311800000000000182e+03,4.566399999999999636e+03,5.067000000000000000e+03,5.210199999999999818e+03,5.326800000000000182e+03,5.520199999999999818e+03,5.460800000000000182e+03,5.253600000000000364e+03,5.384600000000000364e+03,5.835600000000000364e+03,5.972800000000000182e+03,5.888600000000000364e+03,6.027800000000000182e+03,6.282199999999999818e+03,6.237000000000000000e+03,6.407199999999999818e+03,6.824800000000000182e+03,7.020399999999999636e+03,6.911000000000000000e+03,6.633800000000000182e+03,6.701199999999999818e+03,7.119199999999999818e+03,7.248800000000000182e+03,7.357199999999999818e+03,7.857399999999999636e+03,8.078800000000000182e+03,7.720600000000000364e+03,7.717199999999999818e+03,8.096800000000000182e+03,8.179199999999999818e+03,7.778600000000000364e+03,7.820199999999999818e+03,6.615199999999999818e+03,0.000000000000000000e+00,0.000000000000000000e+00,0.000000000000000000e+00,0.000000000000000000e+00,0.000000000000000000e+00,0.000000000000000000e+00,0.000000000000000000e+00,0.000000000000000000e+00,0.000000000000000000e+00,0.000000000000000000e+00,0.000000000000000000e+00,0.000000000000000000e+00,0.000000000000000000e+00,0.000000000000000000e+00,0.000000000000000000e+00,0.000000000000000000e+00,0.000000000000000000e+00,0.000000000000000000e+00,0.000000000000000000e+00,0.000000000000000000e+00,0.000000000000000000e+00,0.000000000000000000e+00,0.000000000000000000e+00,0.000000000000000000e+00,0.000000000000000000e+00,0.000000000000000000e+00,0.000000000000000000e+00,0.000000000000000000e+00,0.000000000000000000e+00,0.000000000000000000e+00,0.000000000000000000e+00,0.000000000000000000e+00,0.000000000000000000e+00,0.000000000000000000e+00,0.000000000000000000e+00,0.000000000000000000e+00,0.000000000000000000e+00,0.000000000000000000e+00,0.000000000000000000e+00,0.000000000000000000e+00,0.000000000000000000e+00,0.000000000000000000e+00,0.000000000000000000e+00,0.000000000000000000e+00,0.000000000000000000e+00,0.000000000000000000e+00,0.000000000000000000e+00,0.000000000000000000e+00,0.000000000000000000e+00,0.000000000000000000e+00,0.000000000000000000e+00,0.000000000000000000e+00,0.000000000000000000e+00,0.000000000000000000e+00,0.000000000000000000e+00,0.000000000000000000e+00,0.000000000000000000e+00,0.000000000000000000e+00,0.000000000000000000e+00,0.000000000000000000e+00,0.000000000000000000e+00,0.000000000000000000e+00,0.000000000000000000e+00,0.000000000000000000e+00,0.000000000000000000e+00,0.000000000000000000e+00,0.000000000000000000e+00,0.000000000000000000e+00,0.000000000000000000e+00,0.000000000000000000e+00,0.000000000000000000e+00,nan,7.876000000000000227e+02,9.317999999999999545e+02,9.412000000000000455e+02,5.556000000000000227e+02,2.165999999999999943e+02,2.325999999999999943e+02,2.890000000000000000e+02,3.123999999999999773e+02,5.616000000000000227e+02,7.906000000000000227e+02,6.410000000000000000e+02,2.746000000000000227e+02,2.104000000000000057e+02,5.963999999999999773e+02,6.897999999999999545e+02,3.023999999999999773e+02,1.800000000000000000e+02,5.197999999999999545e+02,6.042000000000000455e+02,3.613999999999999773e+02,4.388000000000000114e+02,7.400000000000000000e+02,6.352000000000000455e+02,3.491999999999999886e+02,1.485999999999999943e+02,3.946000000000000227e+02,8.667999999999999545e+02,7.262000000000000455e+02,2.766000000000000227e+02,1.500000000000000000e+02,3.620000000000000000e+02,6.887999999999999545e+02,8.257999999999999545e+02,8.106000000000000227e+02,8.447999999999999545e+02,7.492000000000000455e+02,3.760000000000000000e+02,2.551999999999999886e+02,5.502000000000000455e+02,8.082000000000000455e+02,6.602000000000000455e+02,4.966000000000000227e+02,6.040000000000000000e+02,6.097999999999999545e+02,3.838000000000000114e+02,4.196000000000000227e+02,6.727999999999999545e+02,6.212000000000000455e+02,4.120000000000000000e+02,4.720000000000000000e+02,5.252000000000000455e+02,3.230000000000000000e+02,6.190000000000000000e+02,1.067599999999999909e+03,9.606000000000000227e+02,6.726000000000000227e+02,3.496000000000000227e+02,4.038000000000000114e+02,6.240000000000000000e+02,4.260000000000000000e+02,3.916000000000000227e+02,7.396000000000000227e+02,7.106000000000000227e+02,2.284000000000000057e+02,1.240000000000000036e+01,1.801999999999999886e+02,5.023999999999999773e+02,8.187999999999999545e+02,8.610000000000000000e+02,6.372000000000000455e+02,0.000000000000000000e+00,0.000000000000000000e+00,0.000000000000000000e+00,0.000000000000000000e+00,0.000000000000000000e+00,0.000000000000000000e+00,0.000000000000000000e+00,0.000000000000000000e+00,0.000000000000000000e+00,0.000000000000000000e+00,0.000000000000000000e+00,0.000000000000000000e+00,0.000000000000000000e+00,0.000000000000000000e+00,0.000000000000000000e+00,0.000000000000000000e+00,0.000000000000000000e+00,0.000000000000000000e+00,0.000000000000000000e+00,0.000000000000000000e+00,0.000000000000000000e+00,0.000000000000000000e+00,0.000000000000000000e+00,0.000000000000000000e+00,0.000000000000000000e+00,0.000000000000000000e+00,0.000000000000000000e+00,0.000000000000000000e+00,0.000000000000000000e+00,0.000000000000000000e+00,0.000000000000000000e+00,0.000000000000000000e+00,0.000000000000000000e+00,0.000000000000000000e+00,0.000000000000000000e+00,0.000000000000000000e+00,0.000000000000000000e+00,0.000000000000000000e+00,0.000000000000000000e+00,0.000000000000000000e+00,0.000000000000000000e+00,0.000000000000000000e+00,0.000000000000000000e+00,0.000000000000000000e+00,0.000000000000000000e+00,0.000000000000000000e+00,0.000000000000000000e+00,0.000000000000000000e+00,0.000000000000000000e+00,0.000000000000000000e+00,0.000000000000000000e+00,0.000000000000000000e+00,0.000000000000000000e+00,0.000000000000000000e+00,0.000000000000000000e+00,0.000000000000000000e+00,0.000000000000000000e+00,0.000000000000000000e+00,0.000000000000000000e+00,0.000000000000000000e+00,0.000000000000000000e+00,0.000000000000000000e+00,0.000000000000000000e+00,0.000000000000000000e+00,0.000000000000000000e+00,0.000000000000000000e+00,0.000000000000000000e+00,0.000000000000000000e+00,0.000000000000000000e+00,0.000000000000000000e+00,0.000000000000000000e+00,nan,2.000000000000000000e+01,7.000000000000000000e+01,1.200000000000000000e+02,1.700000000000000000e+02,2.200000000000000000e+02,2.700000000000000000e+02,3.200000000000000000e+02,3.700000000000000000e+02,4.200000000000000000e+02,4.706000000000000227e+02,5.210000000000000000e+02,5.710000000000000000e+02,6.210000000000000000e+02,6.710000000000000000e+02,7.210000000000000000e+02,7.710000000000000000e+02,8.210000000000000000e+02,8.710000000000000000e+02,9.210000000000000000e+02,9.650000000000000000e+02,1.011000000000000000e+03,1.061000000000000000e+03,1.111000000000000000e+03,1.161000000000000000e+03,1.211799999999999955e+03,1.262000000000000000e+03,1.312000000000000000e+03,1.362000000000000000e+03,1.412000000000000000e+03,1.462000000000000000e+03,1.512000000000000000e+03,1.562000000000000000e+03,1.612000000000000000e+03,1.662000000000000000e+03,1.712000000000000000e+03,1.762000000000000000e+03,1.812000000000000000e+03,1.858400000000000091e+03,1.903000000000000000e+03,1.953000000000000000e+03,2.003000000000000000e+03,2.053000000000000000e+03,2.103000000000000000e+03,2.153000000000000000e+03,2.203000000000000000e+03,2.253000000000000000e+03,2.303000000000000000e+03,2.353000000000000000e+03,2.403000000000000000e+03,2.453000000000000000e+03,2.503000000000000000e+03,2.553000000000000000e+03,2.643400000000000091e+03,2.754000000000000000e+03,2.804000000000000000e+03,2.854000000000000000e+03,2.904000000000000000e+03,2.954000000000000000e+03,2.998000000000000000e+03,3.044000000000000000e+03,3.094000000000000000e+03,3.144000000000000000e+03,3.194000000000000000e+03,3.244000000000000000e+03,3.294000000000000000e+03,3.344400000000000091e+03,3.395000000000000000e+03,3.445000000000000000e+03,3.495000000000000000e+03,3.543000000000000000e+03,3.585000000000000000e+03,3.635000000000000000e+03,3.685000000000000000e+03,3.735000000000000000e+03,3.785000000000000000e+03,3.835000000000000000e+03,3.885000000000000000e+03,3.935000000000000000e+03,3.985000000000000000e+03,4.035000000000000000e+03,4.085000000000000000e+03,4.135000000000000000e+03,4.185000000000000000e+03,4.235000000000000000e+03,4.285000000000000000e+03,4.335000000000000000e+03,4.385000000000000000e+03,4.435000000000000000e+03,4.485000000000000000e+03,4.535000000000000000e+03,4.585000000000000000e+03,4.635000000000000000e+03,4.685000000000000000e+03,4.735000000000000000e+03,4.785000000000000000e+03,4.835000000000000000e+03,4.885000000000000000e+03,4.935000000000000000e+03,4.985000000000000000e+03,5.035000000000000000e+03,5.085000000000000000e+03,5.135000000000000000e+03,5.185000000000000000e+03,5.235000000000000000e+03,5.285000000000000000e+03,5.335000000000000000e+03,5.385000000000000000e+03,5.435000000000000000e+03,5.485000000000000000e+03,5.535000000000000000e+03,5.585000000000000000e+03,5.635000000000000000e+03,5.685000000000000000e+03,5.735000000000000000e+03,5.785000000000000000e+03,5.835000000000000000e+03,5.885000000000000000e+03,5.935000000000000000e+03,5.985000000000000000e+03,6.035000000000000000e+03,6.085000000000000000e+03,6.135000000000000000e+03,6.185000000000000000e+03,6.235000000000000000e+03,6.285000000000000000e+03,6.335000000000000000e+03,6.385000000000000000e+03,6.435000000000000000e+03,6.485000000000000000e+03,6.535000000000000000e+03,6.585000000000000000e+03,6.635000000000000000e+03,6.685000000000000000e+03,6.735000000000000000e+03,6.785000000000000000e+03,6.835000000000000000e+03,6.885000000000000000e+03,6.935000000000000000e+03,6.985000000000000000e+03,7.035000000000000000e+03,7.085000000000000000e+03,nan
7.012000000000000455e+02,7.000000000000000000e+02,2.628000000000000114e+02,6.720000000000000284e+01,6.636000000000000227e+02,1.280000000000000000e+03,1.181200000000000045e+03,1.087799999999999955e+03,1.567599999999999909e+03,1.749200000000000045e+03,1.296000000000000000e+03,1.200200000000000045e+03,1.905599999999999909e+03,2.236800000000000182e+03,1.863599999999999909e+03,1.788599999999999909e+03,2.331599999999999909e+03,2.544599999999999909e+03,2.398800000000000182e+03,2.678400000000000091e+03,3.212599999999999909e+03,3.262000000000000000e+03,3.179199999999999818e+03,3.054000000000000000e+03,3.061000000000000000e+03,3.977599999999999909e+03,3.933000000000000000e+03,3.577400000000000091e+03,3.733199999999999818e+03,3.765800000000000182e+03,3.609400000000000091e+03,4.241000000000000000e+03,4.457399999999999636e+03,4.199199999999999818e+03,4.017199999999999818e+03,4.189600000000000364e+03,4.739000000000000000e+03,5.029199999999999818e+03,5.069800000000000182e+03,5.393600000000000364e+03,5.465600000000000364e+03,5.087199999999999818e+03,5.032000000000000000e+03,5.458000000000000000e+03,5.817800000000000182e+03,5.703199999999999818e+03,5.674600000000000364e+03,6.085199999999999818e+03,6.311399999999999636e+03,6.173399999999999636e+03,6.280800000000000182e+03,6.559600000000000364e+03,6.645800000000000182e+03,6.644000000000000000e+03,6.468000000000000000e+03,6.422800000000000182e+03,6.771199999999999818e+03,6.980600000000000364e+03,6.950000000000000000e+03,7.308399999999999636e+03,7.790000000000000000e+03,7.592399999999999636e+03,7.220000000000000000e+03,7.494000000000000000e+03,7.384199999999999818e+03,7.794000000000000000e+03,0.000000000000000000e+00,0.000000000000000000e+00,0.000000000000000000e+00,0.000000000000000000e+00,0.000000000000000000e+00,0.000000000000000000e+00,0.000000000000000000e+00,0.000000000000000000e+00,0.000000000000000000e+00,0.000000000000000000e+00,0.000000000000000000e+00,0.000000000000000000e+00,0.000000000000000000e+00,0.000000000000000000e+00,0.000000000000000000e+00,0.000000000000000000e+00,0.000000000000000000e+00,0.000000000000000000e+00,0.000000000000000000e+00,0.000000000000000000e+00,0.000000000000000000e+00,0.000000000000000000e+00,0.000000000000000000e+00,0.000000000000000000e+00,0.000000000000000000e+00,0.000000000000000000e+00,0.000000000000000000e+00,0.000000000000000000e+00,0.000000000000000000e+00,0.000000000000000000e+00,0.000000000000000000e+00,0.000000000000000000e+00,0.000000000000000000e+00,0.000000000000000000e+00,0.000000000000000000e+00,0.000000000000000000e+00,0.000000000000000000e+00,0.000000000000000000e+00,0.000000000000000000e+00,0.000000000000000000e+00,0.000000000000000000e+00,0.000000000000000000e+00,0.000000000000000000e+00,0.000000000000000000e+00,0.000000000000000000e+00,0.000000000000000000e+00,0.000000000000000000e+00,0.000000000000000000e+00,0.000000000000000000e+00,0.000000000000000000e+00,0.000000000000000000e+00,0.000000000000000000e+00,0.000000000000000000e+00,0.000000000000000000e+00,0.000000000000000000e+00,0.000000000000000000e+00,0.000000000000000000e+00,0.000000000000000000e+00,0.000000000000000000e+00,0.000000000000000000e+00,0.000000000000000000e+00,0.000000000000000000e+00,0.000000000000000000e+00,0.000000000000000000e+00,0.000000000000000000e+00,0.000000000000000000e+00,0.000000000000000000e+00,0.000000000000000000e+00,0.000000000000000000e+00,0.000000000000000000e+00,0.000000000000000000e+00,0.000000000000000000e+00,0.000000000000000000e+00,0.000000000000000000e+00,0.000000000000000000e+00,nan,7.243999999999999773e+02,9.157999999999999545e+02,7.282000000000000455e+02,2.671999999999999886e+02,2.118000000000000114e+02,3.530000000000000000e+02,3.580000000000000000e+02,5.160000000000000000e+02,8.182000000000000455e+02,6.916000000000000227e+02,3.408000000000000114e+02,3.100000000000000000e+02,7.000000000000000000e+02,7.010000000000000000e+02,3.281999999999999886e+02,3.070000000000000000e+02,6.647999999999999545e+02,6.303999999999999773e+02,3.658000000000000114e+02,4.953999999999999773e+02,8.132000000000000455e+02,6.943999999999999773e+02,4.340000000000000000e+02,3.103999999999999773e+02,3.798000000000000114e+02,9.302000000000000455e+02,7.660000000000000000e+02,3.341999999999999886e+02,2.430000000000000000e+02,6.772000000000000455e+02,8.820000000000000000e+02,8.930000000000000000e+02,7.966000000000000227e+02,4.551999999999999886e+02,2.488000000000000114e+02,4.251999999999999886e+02,7.727999999999999545e+02,7.642000000000000455e+02,5.833999999999999773e+02,6.230000000000000000e+02,7.540000000000000000e+02,5.030000000000000000e+02,3.591999999999999886e+02,5.686000000000000227e+02,7.367999999999999545e+02,4.996000000000000227e+02,3.893999999999999773e+02,5.767999999999999545e+02,5.507999999999999545e+02,3.471999999999999886e+02,7.652000000000000455e+02,9.812000000000000455e+02,8.607999999999999545e+02,6.383999999999999773e+02,3.748000000000000114e+02,3.571999999999999886e+02,5.622000000000000455e+02,4.418000000000000114e+02,3.013999999999999773e+02,5.493999999999999773e+02,8.046000000000000227e+02,4.741999999999999886e+02,6.559999999999999432e+01,4.220000000000000284e+01,6.767999999999999545e+02,7.746000000000000227e+02,0.000000000000000000e+00,0.000000000000000000e+00,0.000000000000000000e+00,0.000000000000000000e+00,0.000000000000000000e+00,0.000000000000000000e+00,0.000000000000000000e+00,0.000000000000000000e+00,0.000000000000000000e+00,0.000000000000000000e+00,0.000000000000000000e+00,0.000000000000000000e+00,0.000000000000000000e+00,0.000000000000000000e+00,0.000000000000000000e+00,0.000000000000000000e+00,0.000000000000000000e+00,0.000000000000000000e+00,0.000000000000000000e+00,0.000000000000000000e+00,0.000000000000000000e+00,0.000000000000000000e+00,0.000000000000000000e+00,0.000000000000000000e+00,0.000000000000000000e+00,0.000000000000000000e+00,0.000000000000000000e+00,0.000000000000000000e+00,0.000000000000000000e+00,0.000000000000000000e+00,0.000000000000000000e+00,0.000000000000000000e+00,0.000000000000000000e+00,0.000000000000000000e+00,0.000000000000000000e+00,0.000000000000000000e+00,0.000000000000000000e+00,0.000000000000000000e+00,0.000000000000000000e+00,0.000000000000000000e+00,0.000000000000000000e+00,0.000000000000000000e+00,0.000000000000000000e+00,0.000000000000000000e+00,0.000000000000000000e+00,0.000000000000000000e+00,0.000000000000000000e+00,0.000000000000000000e+00,0.000000000000000000e+00,0.000000000000000000e+00,0.000000000000000000e+00,0.000000000000000000e+00,0.000000000000000000e+00,0.000000000000000000e+00,0.000000000000000000e+00,0.000000000000000000e+00,0.000000000000000000e+00,0.000000000000000000e+00,0.000000000000000000e+00,0.000000000000000000e+00,0.000000000000000000e+00,0.000000000000000000e+00,0.000000000000000000e+00,0.000000000000000000e+00,0.000000000000000000e+00,0.000000000000000000e+00,0.000000000000000000e+00,0.000000000000000000e+00,0.000000000000000000e+00,0.000000000000000000e+00,0.000000000000000000e+00,0.000000000000000000e+00,0.000000000000000000e+00,0.000000000000000000e+00,0.000000000000000000e+00,nan,2.000000000000000000e+01,7.000000000000000000e+01,1.200000000000000000e+02,1.700000000000000000e+02,2.200000000000000000e+02,2.700000000000000000e+02,3.200000000000000000e+02,3.700000000000000000e+02,4.200000000000000000e+02,4.700000000000000000e+02,5.200000000000000000e+02,5.700000000000000000e+02,6.200000000000000000e+02,6.700000000000000000e+02,7.200000000000000000e+02,7.710000000000000000e+02,8.210000000000000000e+02,8.710000000000000000e+02,9.210000000000000000e+02,9.670000000000000000e+02,1.011000000000000000e+03,1.061000000000000000e+03,1.111000000000000000e+03,1.161000000000000000e+03,1.223200000000000045e+03,1.322000000000000000e+03,1.372000000000000000e+03,1.422000000000000000e+03,1.472000000000000000e+03,1.582000000000000000e+03,1.672000000000000000e+03,1.746000000000000000e+03,1.832000000000000000e+03,1.882000000000000000e+03,1.932000000000000000e+03,1.982000000000000000e+03,2.032000000000000000e+03,2.082000000000000000e+03,2.140400000000000091e+03,2.203000000000000000e+03,2.253000000000000000e+03,2.303000000000000000e+03,2.353000000000000000e+03,2.403000000000000000e+03,2.453000000000000000e+03,2.503000000000000000e+03,2.553000000000000000e+03,2.603000000000000000e+03,2.653000000000000000e+03,2.703000000000000000e+03,2.819599999999999909e+03,2.914000000000000000e+03,2.964000000000000000e+03,3.014000000000000000e+03,3.064000000000000000e+03,3.114000000000000000e+03,3.164000000000000000e+03,3.214000000000000000e+03,3.264000000000000000e+03,3.314000000000000000e+03,3.364000000000000000e+03,3.414000000000000000e+03,3.464000000000000000e+03,3.514800000000000182e+03,3.669000000000000000e+03,3.745000000000000000e+03,3.785000000000000000e+03,3.835000000000000000e+03,3.885000000000000000e+03,3.935000000000000000e+03,3.985000000000000000e+03,4.035000000000000000e+03,4.085000000000000000e+03,4.135000000000000000e+03,4.185000000000000000e+03,4.235000000000000000e+03,4.285000000000000000e+03,4.335000000000000000e+03,4.385000000000000000e+03,4.435000000000000000e+03,4.485000000000000000e+03,4.535000000000000000e+03,4.585000000000000000e+03,4.635000000000000000e+03,4.685000000000000000e+03,4.735000000000000000e+03,4.785000000000000000e+03,4.835000000000000000e+03,4.885000000000000000e+03,4.935000000000000000e+03,4.985000000000000000e+03,5.035000000000000000e+03,5.085000000000000000e+03,5.135000000000000000e+03,5.185000000000000000e+03,5.235000000000000000e+03,5.285000000000000000e+03,5.335000000000000000e+03,5.385000000000000000e+03,5.435000000000000000e+03,5.485000000000000000e+03,5.535000000000000000e+03,5.585000000000000000e+03,5.635000000000000000e+03,5.685000000000000000e+03,5.735000000000000000e+03,5.785000000000000000e+03,5.835000000000000000e+03,5.885000000000000000e+03,5.935000000000000000e+03,5.985000000000000000e+03,6.035000000000000000e+03,6.085000000000000000e+03,6.135000000000000000e+03,6.185000000000000000e+03,6.235000000000000000e+03,6.285000000000000000e+03,6.335000000000000000e+03,6.385000000000000000e+03,6.435000000000000000e+03,6.485000000000000000e+03,6.535000000000000000e+03,6.585000000000000000e+03,6.635000000000000000e+03,6.685000000000000000e+03,6.735000000000000000e+03,6.785000000000000000e+03,6.835000000000000000e+03,6.885000000000000000e+03,6.935000000000000000e+03,6.985000000000000000e+03,7.035000000000000000e+03,7.085000000000000000e+03,7.135000000000000000e+03,7.185000000000000000e+03,7.235000000000000000e+03,7.285000000000000000e+03,7.335000000000000000e+03,7.385000000000000000e+03,7.435000000000000000e+03,7.485000000000000000e+03,nan
6.387999999999999545e+02,7.522000000000000455e+02,4.920000000000000000e+02,4.820000000000000284e+01,2.758000000000000114e+02,9.397999999999999545e+02,1.070400000000000091e+03,9.357999999999999545e+02,1.228799999999999955e+03,1.439799999999999955e+03,1.107000000000000000e+03,9.460000000000000000e+02,1.536599999999999909e+03,1.896799999999999955e+03,1.583000000000000000e+03,1.461000000000000000e+03,1.976200000000000045e+03,2.249400000000000091e+03,2.133599999999999909e+03,2.332000000000000000e+03,2.834400000000000091e+03,2.973599999999999909e+03,2.815599999999999909e+03,2.560800000000000182e+03,2.720400000000000091e+03,3.403400000000000091e+03,3.656199999999999818e+03,3.270000000000000000e+03,3.250199999999999818e+03,3.673400000000000091e+03,3.800599999999999909e+03,3.418199999999999818e+03,3.317199999999999818e+03,3.742599999999999909e+03,4.152000000000000000e+03,4.002400000000000091e+03,3.687199999999999818e+03,3.710599999999999909e+03,4.174800000000000182e+03,4.508199999999999818e+03,4.528399999999999636e+03,4.680600000000000364e+03,4.944000000000000000e+03,4.880399999999999636e+03,4.578800000000000182e+03,4.702199999999999818e+03,5.152600000000000364e+03,5.289399999999999636e+03,5.157199999999999818e+03,5.260000000000000000e+03,5.617800000000000182e+03,5.647800000000000182e+03,5.595199999999999818e+03,5.924000000000000000e+03,6.192399999999999636e+03,6.132800000000000182e+03,5.842399999999999636e+03,6.030600000000000364e+03,6.484000000000000000e+03,6.539600000000000364e+03,6.574000000000000000e+03,7.045800000000000182e+03,7.281000000000000000e+03,6.945800000000000182e+03,6.991000000000000000e+03,7.512199999999999818e+03,7.692199999999999818e+03,7.268600000000000364e+03,7.089199999999999818e+03,7.563600000000000364e+03,1.577000000000000000e+03,0.000000000000000000e+00,0.000000000000000000e+00,0.000000000000000000e+00,0.000000000000000000e+00,0.000000000000000000e+00,0.000000000000000000e+00,0.000000000000000000e+00,0.000000000000000000e+00,0.000000000000000000e+00,0.000000000000000000e+00,0.000000000000000000e+00,0.000000000000000000e+00,0.000000000000000000e+00,0.000000000000000000e+00,0.000000000000000000e+00,0.000000000000000000e+00,0.000000000000000000e+00,0.000000000000000000e+00,0.000000000000000000e+00,0.000000000000000000e+00,0.000000000000000000e+00,0.000000000000000000e+00,0.000000000000000000e+00,0.000000000000000000e+00,0.000000000000000000e+00,0.000000000000000000e+00,0.000000000000000000e+00,0.000000000000000000e+00,0.000000000000000000e+00,0.000000000000000000e+00,0.000000000000000000e+00,0.000000000000000000e+00,0.000000000000000000e+00,0.000000000000000000e+00,0.000000000000000000e+00,0.000000000000000000e+00,0.000000000000000000e+00,0.000000000000000000e+00,0.000000000000000000e+00,0.000000000000000000e+00,0.000000000000000000e+00,0.000000000000000000e+00,0.000000000000000000e+00,0.000000000000000000e+00,0.000000000000000000e+00,0.000000000000000000e+00,0.000000000000000000e+00,0.000000000000000000e+00,0.000000000000000000e+00,0.000000000000000000e+00,0.000000000000000000e+00,0.000000000000000000e+00,0.000000000000000000e+00,0.000000000000000000e+00,0.000000000000000000e+00,0.000000000000000000e+00,0.000000000000000000e+00,0.000000000000000000e+00,0.000000000000000000e+00,0.000000000000000000e+00,0.000000000000000000e+00,0.000000000000000000e+00,0.000000000000000000e+00,0.000000000000000000e+00,0.000000000000000000e+00,0.000000000000000000e+00,0.000000000000000000e+00,0.000000000000000000e+00,0.000000000000000000e+00,0.000000000000000000e+00,nan,7.167999999999999545e+02,9.122000000000000455e+02,8.762000000000000455e+02,3.936000000000000227e+02,2.178000000000000114e+02,3.323999999999999773e+02,3.668000000000000114e+02,4.888000000000000114e+02,7.766000000000000227e+02,7.286000000000000227e+02,3.798000000000000114e+02,2.898000000000000114e+02,6.120000000000000000e+02,6.847999999999999545e+02,3.443999999999999773e+02,2.678000000000000114e+02,6.143999999999999773e+02,6.430000000000000000e+02,3.811999999999999886e+02,4.776000000000000227e+02,7.423999999999999773e+02,5.816000000000000227e+02,3.450000000000000000e+02,2.178000000000000114e+02,3.506000000000000227e+02,7.183999999999999773e+02,7.312000000000000455e+02,3.181999999999999886e+02,1.192000000000000028e+02,2.308000000000000114e+02,4.793999999999999773e+02,7.272000000000000455e+02,7.676000000000000227e+02,7.822000000000000455e+02,7.757999999999999545e+02,5.256000000000000227e+02,2.421999999999999886e+02,2.571999999999999886e+02,6.040000000000000000e+02,7.423999999999999773e+02,5.406000000000000227e+02,4.130000000000000000e+02,5.786000000000000227e+02,6.067999999999999545e+02,3.623999999999999773e+02,3.610000000000000000e+02,5.960000000000000000e+02,5.856000000000000227e+02,3.661999999999999886e+02,3.773999999999999773e+02,4.940000000000000000e+02,3.770000000000000000e+02,4.153999999999999773e+02,9.076000000000000227e+02,7.997999999999999545e+02,4.846000000000000227e+02,1.698000000000000114e+02,3.111999999999999886e+02,4.461999999999999886e+02,2.903999999999999773e+02,2.900000000000000000e+02,6.113999999999999773e+02,6.063999999999999773e+02,2.010000000000000000e+02,1.480000000000000071e+01,1.734000000000000057e+02,4.856000000000000227e+02,8.663999999999999773e+02,8.942000000000000455e+02,7.753999999999999773e+02,1.490000000000000000e+02,0.000000000000000000e+00,0.000000000000000000e+00,0.000000000000000000e+00,0.000000000000000000e+00,0.000000000000000000e+00,0.000000000000000000e+00,0.000000000000000000e+00,0.000000000000000000e+00,0.000000000000000000e+00,0.000000000000000000e+00,0.000000000000000000e+00,0.000000000000000000e+00,0.000000000000000000e+00,0.000000000000000000e+00,0.000000000000000000e+00,0.000000000000000000e+00,0.000000000000000000e+00,0.000000000000000000e+00,0.000000000000000000e+00,0.000000000000000000e+00,0.000000000000000000e+00,0.000000000000000000e+00,0.000000000000000000e+00,0.000000000000000000e+00,0.000000000000000000e+00,0.000000000000000000e+00,0.000000000000000000e+00,0.000000000000000000e+00,0.000000000000000000e+00,0.000000000000000000e+00,0.000000000000000000e+00,0.000000000000000000e+00,0.000000000000000000e+00,0.000000000000000000e+00,0.000000000000000000e+00,0.000000000000000000e+00,0.000000000000000000e+00,0.000000000000000000e+00,0.000000000000000000e+00,0.000000000000000000e+00,0.000000000000000000e+00,0.000000000000000000e+00,0.000000000000000000e+00,0.000000000000000000e+00,0.000000000000000000e+00,0.000000000000000000e+00,0.000000000000000000e+00,0.000000000000000000e+00,0.000000000000000000e+00,0.000000000000000000e+00,0.000000000000000000e+00,0.000000000000000000e+00,0.000000000000000000e+00,0.000000000000000000e+00,0.000000000000000000e+00,0.000000000000000000e+00,0.000000000000000000e+00,0.000000000000000000e+00,0.000000000000000000e+00,0.000000000000000000e+00,0.000000000000000000e+00,0.000000000000000000e+00,0.000000000000000000e+00,0.000000000000000000e+00,0.000000000000000000e+00,0.000000000000000000e+00,0.000000000000000000e+00,0.000000000000000000e+00,0.000000000000000000e+00,0.000000000000000000e+00,nan,2.000000000000000000e+01,7.100000000000000000e+01,1.210000000000000000e+02,1.710000000000000000e+02,2.210000000000000000e+02,2.710000000000000000e+02,3.210000000000000000e+02,3.710000000000000000e+02,4.210000000000000000e+02,4.710000000000000000e+02,5.210000000000000000e+02,5.710000000000000000e+02,6.210000000000000000e+02,6.710000000000000000e+02,7.210000000000000000e+02,7.710000000000000000e+02,8.210000000000000000e+02,8.710000000000000000e+02,9.210000000000000000e+02,9.710000000000000000e+02,1.021000000000000000e+03,1.071000000000000000e+03,1.121000000000000000e+03,1.171000000000000000e+03,1.221000000000000000e+03,1.271000000000000000e+03,1.321000000000000000e+03,1.371000000000000000e+03,1.421000000000000000e+03,1.471000000000000000e+03,1.516200000000000045e+03,1.563000000000000000e+03,1.613000000000000000e+03,1.663000000000000000e+03,1.713000000000000000e+03,1.763000000000000000e+03,1.813000000000000000e+03,1.863000000000000000e+03,1.913000000000000000e+03,1.963000000000000000e+03,2.009000000000000000e+03,2.053000000000000000e+03,2.103000000000000000e+03,2.153000000000000000e+03,2.203000000000000000e+03,2.253000000000000000e+03,2.303000000000000000e+03,2.353000000000000000e+03,2.403000000000000000e+03,2.453000000000000000e+03,2.503000000000000000e+03,2.553000000000000000e+03,2.621199999999999818e+03,2.744000000000000000e+03,2.794000000000000000e+03,2.844000000000000000e+03,2.894000000000000000e+03,2.944000000000000000e+03,2.994000000000000000e+03,3.044000000000000000e+03,3.094000000000000000e+03,3.144000000000000000e+03,3.194000000000000000e+03,3.244000000000000000e+03,3.294000000000000000e+03,3.336800000000000182e+03,3.385000000000000000e+03,3.435000000000000000e+03,3.485000000000000000e+03,3.535000000000000000e+03,3.577000000000000000e+03,3.625000000000000000e+03,3.675000000000000000e+03,3.725000000000000000e+03,3.775000000000000000e+03,3.825000000000000000e+03,3.875000000000000000e+03,3.925000000000000000e+03,3.975000000000000000e+03,4.025000000000000000e+03,4.075000000000000000e+03,4.125000000000000000e+03,4.175000000000000000e+03,4.225000000000000000e+03,4.275000000000000000e+03,4.325000000000000000e+03,4.375000000000000000e+03,4.425000000000000000e+03,4.475000000000000000e+03,4.525000000000000000e+03,4.575000000000000000e+03,4.625000000000000000e+03,4.675000000000000000e+03,4.725000000000000000e+03,4.775000000000000000e+03,4.825000000000000000e+03,4.875000000000000000e+03,4.925000000000000000e+03,4.975000000000000000e+03,5.025000000000000000e+03,5.075000000000000000e+03,5.125000000000000000e+03,5.175000000000000000e+03,5.225000000000000000e+03,5.275000000000000000e+03,5.325000000000000000e+03,5.375000000000000000e+03,5.425000000000000000e+03,5.475000000000000000e+03,5.525000000000000000e+03,5.575000000000000000e+03,5.625000000000000000e+03,5.675000000000000000e+03,5.725000000000000000e+03,5.775000000000000000e+03,5.825000000000000000e+03,5.875000000000000000e+03,5.925000000000000000e+03,5.975000000000000000e+03,6.025000000000000000e+03,6.075000000000000000e+03,6.125000000000000000e+03,6.175000000000000000e+03,6.225000000000000000e+03,6.275000000000000000e+03,6.325000000000000000e+03,6.375000000000000000e+03,6.425000000000000000e+03,6.475000000000000000e+03,6.525000000000000000e+03,6.575000000000000000e+03,6.625000000000000000e+03,6.675000000000000000e+03,6.725000000000000000e+03,6.775000000000000000e+03,6.825000000000000000e+03,6.875000000000000000e+03,6.925000000000000000e+03,6.975000000000000000e+03,7.025000000000000000e+03,7.075000000000000000e+03,nan
6.253999999999999773e+02,4.231999999999999886e+02,4.739999999999999858e+01,2.573999999999999773e+02,8.587999999999999545e+02,1.011200000000000045e+03,8.453999999999999773e+02,1.044799999999999955e+03,1.387200000000000045e+03,1.258599999999999909e+03,9.567999999999999545e+02,1.201000000000000000e+03,1.709200000000000045e+03,1.689400000000000091e+03,1.424000000000000000e+03,1.583000000000000000e+03,2.056800000000000182e+03,2.058599999999999909e+03,1.978799999999999955e+03,2.408400000000000091e+03,2.783000000000000000e+03,2.714400000000000091e+03,2.624599999999999909e+03,2.584400000000000091e+03,2.435199999999999818e+03,2.928599999999999909e+03,3.435599999999999909e+03,3.205000000000000000e+03,3.170199999999999818e+03,3.524000000000000000e+03,3.411000000000000000e+03,3.217000000000000000e+03,3.639800000000000182e+03,3.987800000000000182e+03,3.914400000000000091e+03,3.688400000000000091e+03,3.715400000000000091e+03,4.105800000000000182e+03,4.399199999999999818e+03,4.508399999999999636e+03,4.696399999999999636e+03,4.759800000000000182e+03,4.494399999999999636e+03,4.404600000000000364e+03,4.700000000000000000e+03,4.976199999999999818e+03,4.919600000000000364e+03,4.844600000000000364e+03,5.130000000000000000e+03,5.542000000000000000e+03,5.507800000000000182e+03,5.357399999999999636e+03,5.666800000000000182e+03,5.986600000000000364e+03,6.146199999999999818e+03,6.032600000000000364e+03,5.854199999999999818e+03,6.033000000000000000e+03,6.348000000000000000e+03,6.355600000000000364e+03,6.405800000000000182e+03,6.890800000000000182e+03,7.104000000000000000e+03,6.750800000000000182e+03,6.711399999999999636e+03,7.070199999999999818e+03,6.730000000000000000e+03,6.991399999999999636e+03,2.974400000000000091e+03,0.000000000000000000e+00,0.000000000000000000e+00,0.000000000000000000e+00,0.000000000000000000e+00,0.000000000000000000e+00,0.000000000000000000e+00,0.000000000000000000e+00,0.000000000000000000e+00,0.000000000000000000e+00,0.000000000000000000e+00,0.000000000000000000e+00,0.000000000000000000e+00,0.000000000000000000e+00,0.000000000000000000e+00,0.000000000000000000e+00,0.000000000000000000e+00,0.000000000000000000e+00,0.000000000000000000e+00,0.000000000000000000e+00,0.000000000000000000e+00,0.000000000000000000e+00,0.000000000000000000e+00,0.000000000000000000e+00,0.000000000000000000e+00,0.000000000000000000e+00,0.000000000000000000e+00,0.000000000000000000e+00,0.000000000000000000e+00,0.000000000000000000e+00,0.000000000000000000e+00,0.000000000000000000e+00,0.000000000000000000e+00,0.000000000000000000e+00,0.000000000000000000e+00,0.000000000000000000e+00,0.000000000000000000e+00,0.000000000000000000e+00,0.000000000000000000e+00,0.000000000000000000e+00,0.000000000000000000e+00,0.000000000000000000e+00,0.000000000000000000e+00,0.000000000000000000e+00,0.000000000000000000e+00,0.000000000000000000e+00,0.000000000000000000e+00,0.000000000000000000e+00,0.000000000000000000e+00,0.000000000000000000e+00,0.000000000000000000e+00,0.000000000000000000e+00,0.000000000000000000e+00,0.000000000000000000e+00,0.000000000000000000e+00,0.000000000000000000e+00,0.000000000000000000e+00,0.000000000000000000e+00,0.000000000000000000e+00,0.000000000000000000e+00,0.000000000000000000e+00,0.000000000000000000e+00,0.000000000000000000e+00,0.000000000000000000e+00,0.000000000000000000e+00,0.000000000000000000e+00,0.000000000000000000e+00,0.000000000000000000e+00,0.000000000000000000e+00,0.000000000000000000e+00,0.000000000000000000e+00,0.000000000000000000e+00,0.000000000000000000e+00,nan,6.893999999999999773e+02,7.596000000000000227e+02,4.430000000000000000e+02,2.228000000000000114e+02,3.406000000000000227e+02,3.778000000000000114e+02,3.801999999999999886e+02,5.890000000000000000e+02,7.000000000000000000e+02,4.921999999999999886e+02,2.856000000000000227e+02,4.286000000000000227e+02,6.750000000000000000e+02,4.990000000000000000e+02,2.583999999999999773e+02,4.071999999999999886e+02,6.647999999999999545e+02,4.741999999999999886e+02,3.238000000000000114e+02,5.913999999999999773e+02,7.257999999999999545e+02,4.386000000000000227e+02,2.080000000000000000e+02,1.870000000000000000e+02,2.145999999999999943e+02,4.938000000000000114e+02,6.817999999999999545e+02,3.743999999999999773e+02,1.504000000000000057e+02,2.455999999999999943e+02,6.030000000000000000e+02,6.736000000000000227e+02,6.913999999999999773e+02,6.770000000000000000e+02,4.971999999999999886e+02,2.280000000000000000e+02,2.636000000000000227e+02,5.676000000000000227e+02,6.243999999999999773e+02,4.580000000000000000e+02,4.348000000000000114e+02,5.477999999999999545e+02,3.970000000000000000e+02,2.235999999999999943e+02,3.581999999999999886e+02,5.332000000000000455e+02,4.238000000000000114e+02,2.570000000000000000e+02,3.551999999999999886e+02,5.277999999999999545e+02,3.666000000000000227e+02,2.318000000000000114e+02,7.610000000000000000e+02,8.477999999999999545e+02,7.062000000000000455e+02,4.410000000000000000e+02,2.331999999999999886e+02,3.713999999999999773e+02,4.771999999999999886e+02,3.251999999999999886e+02,3.500000000000000000e+02,6.520000000000000000e+02,6.390000000000000000e+02,2.515999999999999943e+02,1.780000000000000071e+01,2.081999999999999886e+02,7.826000000000000227e+02,7.673999999999999773e+02,2.883999999999999773e+02,0.000000000000000000e+00,0.000000000000000000e+00,0.000000000000000000e+00,0.000000000000000000e+00,0.000000000000000000e+00,0.000000000000000000e+00,0.000000000000000000e+00,0.000000000000000000e+00,0.000000000000000000e+00,0.000000000000000000e+00,0.000000000000000000e+00,0.000000000000000000e+00,0.000000000000000000e+00,0.000000000000000000e+00,0.000000000000000000e+00,0.000000000000000000e+00,0.000000000000000000e+00,0.000000000000000000e+00,0.000000000000000000e+00,0.000000000000000000e+00,0.000000000000000000e+00,0.000000000000000000e+00,0.000000000000000000e+00,0.000000000000000000e+00,0.000000000000000000e+00,0.000000000000000000e+00,0.000000000000000000e+00,0.000000000000000000e+00,0.000000000000000000e+00,0.000000000000000000e+00,0.000000000000000000e+00,0.000000000000000000e+00,0.000000000000000000e+00,0.000000000000000000e+00,0.000000000000000000e+00,0.000000000000000000e+00,0.000000000000000000e+00,0.000000000000000000e+00,0.000000000000000000e+00,0.000000000000000000e+00,0.000000000000000000e+00,0.000000000000000000e+00,0.000000000000000000e+00,0.000000000000000000e+00,0.000000000000000000e+00,0.000000000000000000e+00,0.000000000000000000e+00,0.000000000000000000e+00,0.000000000000000000e+00,0.000000000000000000e+00,0.000000000000000000e+00,0.000000000000000000e+00,0.000000000000000000e+00,0.000000000000000000e+00,0.000000000000000000e+00,0.000000000000000000e+00,0.000000000000000000e+00,0.000000000000000000e+00,0.000000000000000000e+00,0.000000000000000000e+00,0.000000000000000000e+00,0.000000000000000000e+00,0.000000000000000000e+00,0.000000000000000000e+00,0.000000000000000000e+00,0.000000000000000000e+00,0.000000000000000000e+00,0.000000000000000000e+00,0.000000000000000000e+00,0.000000000000000000e+00,0.000000000000000000e+00,0.000000000000000000e+00,nan,2.000000000000000000e+01,7.000000000000000000e+01,1.200000000000000000e+02,1.700000000000000000e+02,2.200000000000000000e+02,2.700000000000000000e+02,3.200000000000000000e+02,3.700000000000000000e+02,4.200000000000000000e+02,4.700000000000000000e+02,5.200000000000000000e+02,5.700000000000000000e+02,6.200000000000000000e+02,6.700000000000000000e+02,7.200000000000000000e+02,7.700000000000000000e+02,8.200000000000000000e+02,8.700000000000000000e+02,9.200000000000000000e+02,9.700000000000000000e+02,1.020000000000000000e+03,1.070000000000000000e+03,1.120000000000000000e+03,1.170000000000000000e+03,1.220000000000000000e+03,1.289200000000000045e+03,1.352000000000000000e+03,1.402000000000000000e+03,1.452000000000000000e+03,1.502000000000000000e+03,1.584799999999999955e+03,1.643000000000000000e+03,1.693000000000000000e+03,1.743000000000000000e+03,1.793000000000000000e+03,1.843000000000000000e+03,1.893000000000000000e+03,1.943000000000000000e+03,1.993000000000000000e+03,2.043000000000000000e+03,2.093000000000000000e+03,2.143000000000000000e+03,2.193000000000000000e+03,2.243000000000000000e+03,2.293000000000000000e+03,2.343000000000000000e+03,2.393000000000000000e+03,2.443000000000000000e+03,2.493000000000000000e+03,2.543000000000000000e+03,2.593000000000000000e+03,2.643000000000000000e+03,2.749800000000000182e+03,2.814000000000000000e+03,2.864000000000000000e+03,2.914000000000000000e+03,2.964000000000000000e+03,3.014000000000000000e+03,3.064000000000000000e+03,3.114000000000000000e+03,3.164000000000000000e+03,3.214000000000000000e+03,3.264000000000000000e+03,3.314000000000000000e+03,3.364000000000000000e+03,3.428199999999999818e+03,3.535000000000000000e+03,3.585000000000000000e+03,3.629000000000000000e+03,3.675000000000000000e+03,3.725000000000000000e+03,3.775000000000000000e+03,3.825000000000000000e+03,3.875000000000000000e+03,3.925000000000000000e+03,3.975000000000000000e+03,4.025000000000000000e+03,4.075000000000000000e+03,4.125000000000000000e+03,4.175000000000000000e+03,4.225000000000000000e+03,4.275000000000000000e+03,4.325000000000000000e+03,4.375000000000000000e+03,4.425000000000000000e+03,4.475000000000000000e+03,4.525000000000000000e+03,4.575000000000000000e+03,4.625000000000000000e+03,4.675000000000000000e+03,4.725000000000000000e+03,4.775000000000000000e+03,4.825000000000000000e+03,4.875000000000000000e+03,4.925000000000000000e+03,4.975000000000000000e+03,5.025000000000000000e+03,5.075000000000000000e+03,5.125000000000000000e+03,5.175000000000000000e+03,5.225000000000000000e+03,5.275000000000000000e+03,5.325000000000000000e+03,5.375000000000000000e+03,5.425000000000000000e+03,5.475000000000000000e+03,5.525000000000000000e+03,5.575000000000000000e+03,5.625000000000000000e+03,5.675000000000000000e+03,5.725000000000000000e+03,5.775000000000000000e+03,5.825000000000000000e+03,5.875000000000000000e+03,5.925000000000000000e+03,5.975000000000000000e+03,6.025000000000000000e+03,6.075000000000000000e+03,6.125000000000000000e+03,6.175000000000000000e+03,6.225000000000000000e+03,6.275000000000000000e+03,6.325000000000000000e+03,6.375000000000000000e+03,6.425000000000000000e+03,6.475000000000000000e+03,6.525000000000000000e+03,6.575000000000000000e+03,6.625000000000000000e+03,6.675000000000000000e+03,6.725000000000000000e+03,6.775000000000000000e+03,6.825000000000000000e+03,6.875000000000000000e+03,6.925000000000000000e+03,6.975000000000000000e+03,7.025000000000000000e+03,7.075000000000000000e+03,7.125000000000000000e+03,7.175000000000000000e+03,7.225000000000000000e+03,nan
6.292000000000000455e+02,5.813999999999999773e+02,1.850000000000000000e+02,1.085999999999999943e+02,6.907999999999999545e+02,1.180200000000000045e+03,1.071599999999999909e+03,1.012600000000000023e+03,1.359400000000000091e+03,1.482400000000000091e+03,1.146400000000000091e+03,1.038400000000000091e+03,1.528000000000000000e+03,1.841599999999999909e+03,1.614599999999999909e+03,1.501599999999999909e+03,1.921200000000000045e+03,2.207199999999999818e+03,2.063000000000000000e+03,2.159400000000000091e+03,2.702400000000000091e+03,2.902400000000000091e+03,2.906800000000000182e+03,2.905400000000000091e+03,2.779599999999999909e+03,3.258400000000000091e+03,3.610000000000000000e+03,3.345400000000000091e+03,3.389599999999999909e+03,3.676800000000000182e+03,3.223000000000000000e+03,3.454400000000000091e+03,4.034400000000000091e+03,4.162800000000000182e+03,3.947199999999999818e+03,3.866599999999999909e+03,4.069400000000000091e+03,4.531000000000000000e+03,4.738600000000000364e+03,4.745199999999999818e+03,5.011399999999999636e+03,5.197399999999999636e+03,4.902000000000000000e+03,4.709800000000000182e+03,5.027000000000000000e+03,5.413000000000000000e+03,5.370399999999999636e+03,5.160600000000000364e+03,5.194600000000000364e+03,5.568199999999999818e+03,5.928600000000000364e+03,5.882199999999999818e+03,5.753800000000000182e+03,6.168399999999999636e+03,6.380800000000000182e+03,6.383000000000000000e+03,6.193399999999999636e+03,6.142199999999999818e+03,6.435399999999999636e+03,6.703000000000000000e+03,6.627000000000000000e+03,6.699399999999999636e+03,7.211000000000000000e+03,7.429199999999999818e+03,7.097600000000000364e+03,7.008000000000000000e+03,7.386600000000000364e+03,7.046199999999999818e+03,6.028800000000000182e+03,0.000000000000000000e+00,0.000000000000000000e+00,0.000000000000000000e+00,0.000000000000000000e+00,0.000000000000000000e+00,0.000000000000000000e+00,0.000000000000000000e+00,0.000000000000000000e+00,0.000000000000000000e+00,0.000000000000000000e+00,0.000000000000000000e+00,0.000000000000000000e+00,0.000000000000000000e+00,0.000000000000000000e+00,0.000000000000000000e+00,0.000000000000000000e+00,0.000000000000000000e+00,0.000000000000000000e+00,0.000000000000000000e+00,0.000000000000000000e+00,0.000000000000000000e+00,0.000000000000000000e+00,0.000000000000000000e+00,0.000000000000000000e+00,0.000000000000000000e+00,0.000000000000000000e+00,0.000000000000000000e+00,0.000000000000000000e+00,0.000000000000000000e+00,0.000000000000000000e+00,0.000000000000000000e+00,0.000000000000000000e+00,0.000000000000000000e+00,0.000000000000000000e+00,0.000000000000000000e+00,0.000000000000000000e+00,0.000000000000000000e+00,0.000000000000000000e+00,0.000000000000000000e+00,0.000000000000000000e+00,0.000000000000000000e+00,0.000000000000000000e+00,0.000000000000000000e+00,0.000000000000000000e+00,0.000000000000000000e+00,0.000000000000000000e+00,0.000000000000000000e+00,0.000000000000000000e+00,0.000000000000000000e+00,0.000000000000000000e+00,0.000000000000000000e+00,0.000000000000000000e+00,0.000000000000000000e+00,0.000000000000000000e+00,0.000000000000000000e+00,0.000000000000000000e+00,0.000000000000000000e+00,0.000000000000000000e+00,0.000000000000000000e+00,0.000000000000000000e+00,0.000000000000000000e+00,0.000000000000000000e+00,0.000000000000000000e+00,0.000000000000000000e+00,0.000000000000000000e+00,0.000000000000000000e+00,0.000000000000000000e+00,0.000000000000000000e+00,0.000000000000000000e+00,0.000000000000000000e+00,0.000000000000000000e+00,0.000000000000000000e+00,nan,8.336000000000000227e+02,9.643999999999999773e+02,7.100000000000000000e+02,3.238000000000000114e+02,3.646000000000000227e+02,4.980000000000000000e+02,4.628000000000000114e+02,5.616000000000000227e+02,7.852000000000000455e+02,6.730000000000000000e+02,3.950000000000000000e+02,3.480000000000000000e+02,6.583999999999999773e+02,7.522000000000000455e+02,4.531999999999999886e+02,3.523999999999999773e+02,6.410000000000000000e+02,6.802000000000000455e+02,4.120000000000000000e+02,3.930000000000000000e+02,7.493999999999999773e+02,7.603999999999999773e+02,5.233999999999999773e+02,4.013999999999999773e+02,3.531999999999999886e+02,6.127999999999999545e+02,7.052000000000000455e+02,3.418000000000000114e+02,1.820000000000000000e+02,3.890000000000000000e+02,7.576000000000000227e+02,8.136000000000000227e+02,8.232000000000000455e+02,6.847999999999999545e+02,4.308000000000000114e+02,3.306000000000000227e+02,4.843999999999999773e+02,7.576000000000000227e+02,7.143999999999999773e+02,5.250000000000000000e+02,5.236000000000000227e+02,6.930000000000000000e+02,5.860000000000000000e+02,3.731999999999999886e+02,4.620000000000000000e+02,6.950000000000000000e+02,6.140000000000000000e+02,3.646000000000000227e+02,2.846000000000000227e+02,4.313999999999999773e+02,6.192000000000000455e+02,4.446000000000000227e+02,3.036000000000000227e+02,9.702000000000000455e+02,8.870000000000000000e+02,6.787999999999999545e+02,4.613999999999999773e+02,3.873999999999999773e+02,5.222000000000000455e+02,5.232000000000000455e+02,3.420000000000000000e+02,3.746000000000000227e+02,6.827999999999999545e+02,7.037999999999999545e+02,2.960000000000000000e+02,2.500000000000000000e+01,2.185999999999999943e+02,8.176000000000000227e+02,6.077999999999999545e+02,0.000000000000000000e+00,0.000000000000000000e+00,0.000000000000000000e+00,0.000000000000000000e+00,0.000000000000000000e+00,0.000000000000000000e+00,0.000000000000000000e+00,0.000000000000000000e+00,0.000000000000000000e+00,0.000000000000000000e+00,0.000000000000000000e+00,0.000000000000000000e+00,0.000000000000000000e+00,0.000000000000000000e+00,0.000000000000000000e+00,0.000000000000000000e+00,0.000000000000000000e+00,0.000000000000000000e+00,0.000000000000000000e+00,0.000000000000000000e+00,0.000000000000000000e+00,0.000000000000000000e+00,0.000000000000000000e+00,0.000000000000000000e+00,0.000000000000000000e+00,0.000000000000000000e+00,0.000000000000000000e+00,0.000000000000000000e+00,0.000000000000000000e+00,0.000000000000000000e+00,0.000000000000000000e+00,0.000000000000000000e+00,0.000000000000000000e+00,0.000000000000000000e+00,0.000000000000000000e+00,0.000000000000000000e+00,0.000000000000000000e+00,0.000000000000000000e+00,0.000000000000000000e+00,0.000000000000000000e+00,0.000000000000000000e+00,0.000000000000000000e+00,0.000000000000000000e+00,0.000000000000000000e+00,0.000000000000000000e+00,0.000000000000000000e+00,0.000000000000000000e+00,0.000000000000000000e+00,0.000000000000000000e+00,0.000000000000000000e+00,0.000000000000000000e+00,0.000000000000000000e+00,0.000000000000000000e+00,0.000000000000000000e+00,0.000000000000000000e+00,0.000000000000000000e+00,0.000000000000000000e+00,0.000000000000000000e+00,0.000000000000000000e+00,0.000000000000000000e+00,0.000000000000000000e+00,0.000000000000000000e+00,0.000000000000000000e+00,0.000000000000000000e+00,0.000000000000000000e+00,0.000000000000000000e+00,0.000000000000000000e+00,0.000000000000000000e+00,0.000000000000000000e+00,0.000000000000000000e+00,0.000000000000000000e+00,0.000000000000000000e+00,nan,2.000000000000000000e+01,7.000000000000000000e+01,1.200000000000000000e+02,1.700000000000000000e+02,2.200000000000000000e+02,2.700000000000000000e+02,3.200000000000000000e+02,3.700000000000000000e+02,4.200000000000000000e+02,4.700000000000000000e+02,5.200000000000000000e+02,5.700000000000000000e+02,6.200000000000000000e+02,6.700000000000000000e+02,7.200000000000000000e+02,7.700000000000000000e+02,8.200000000000000000e+02,8.700000000000000000e+02,9.200000000000000000e+02,9.700000000000000000e+02,1.020000000000000000e+03,1.070000000000000000e+03,1.120000000000000000e+03,1.170000000000000000e+03,1.220000000000000000e+03,1.313200000000000045e+03,1.392000000000000000e+03,1.442000000000000000e+03,1.492000000000000000e+03,1.560000000000000000e+03,1.682000000000000000e+03,1.732000000000000000e+03,1.806000000000000000e+03,1.892000000000000000e+03,1.942000000000000000e+03,1.992000000000000000e+03,2.042000000000000000e+03,2.092000000000000000e+03,2.142000000000000000e+03,2.192000000000000000e+03,2.242000000000000000e+03,2.292000000000000000e+03,2.342000000000000000e+03,2.392000000000000000e+03,2.442000000000000000e+03,2.492000000000000000e+03,2.542000000000000000e+03,2.592000000000000000e+03,2.642000000000000000e+03,2.692000000000000000e+03,2.742000000000000000e+03,2.792000000000000000e+03,2.831199999999999818e+03,2.984000000000000000e+03,3.034000000000000000e+03,3.114000000000000000e+03,3.164000000000000000e+03,3.214000000000000000e+03,3.264000000000000000e+03,3.314199999999999818e+03,3.365000000000000000e+03,3.415000000000000000e+03,3.465000000000000000e+03,3.515000000000000000e+03,3.565000000000000000e+03,3.615000000000000000e+03,3.691000000000000000e+03,3.845000000000000000e+03,3.893000000000000000e+03,3.935000000000000000e+03,3.985000000000000000e+03,4.035000000000000000e+03,4.085000000000000000e+03,4.135000000000000000e+03,4.185000000000000000e+03,4.235000000000000000e+03,4.285000000000000000e+03,4.335000000000000000e+03,4.385000000000000000e+03,4.435000000000000000e+03,4.485000000000000000e+03,4.535000000000000000e+03,4.585000000000000000e+03,4.635000000000000000e+03,4.685000000000000000e+03,4.735000000000000000e+03,4.785000000000000000e+03,4.835000000000000000e+03,4.885000000000000000e+03,4.935000000000000000e+03,4.985000000000000000e+03,5.035000000000000000e+03,5.085000000000000000e+03,5.135000000000000000e+03,5.185000000000000000e+03,5.235000000000000000e+03,5.285000000000000000e+03,5.335000000000000000e+03,5.385000000000000000e+03,5.435000000000000000e+03,5.485000000000000000e+03,5.535000000000000000e+03,5.585000000000000000e+03,5.635000000000000000e+03,5.685000000000000000e+03,5.735000000000000000e+03,5.785000000000000000e+03,5.835000000000000000e+03,5.885000000000000000e+03,5.935000000000000000e+03,5.985000000000000000e+03,6.035000000000000000e+03,6.085000000000000000e+03,6.135000000000000000e+03,6.185000000000000000e+03,6.235000000000000000e+03,6.285000000000000000e+03,6.335000000000000000e+03,6.385000000000000000e+03,6.435000000000000000e+03,6.485000000000000000e+03,6.535000000000000000e+03,6.585000000000000000e+03,6.635000000000000000e+03,6.685000000000000000e+03,6.735000000000000000e+03,6.785000000000000000e+03,6.835000000000000000e+03,6.885000000000000000e+03,6.935000000000000000e+03,6.985000000000000000e+03,7.035000000000000000e+03,7.085000000000000000e+03,7.135000000000000000e+03,7.185000000000000000e+03,7.235000000000000000e+03,7.285000000000000000e+03,7.335000000000000000e+03,7.385000000000000000e+03,7.435000000000000000e+03,7.485000000000000000e+03,nan
4.311999999999999886e+02,4.038000000000000114e+02,7.700000000000000000e+01,1.075999999999999943e+02,6.180000000000000000e+02,9.597999999999999545e+02,7.990000000000000000e+02,7.937999999999999545e+02,1.146599999999999909e+03,1.267599999999999909e+03,9.903999999999999773e+02,1.238799999999999955e+03,1.469000000000000000e+03,1.217799999999999955e+03,1.284000000000000000e+03,1.687000000000000000e+03,1.774799999999999955e+03,1.641000000000000000e+03,1.918000000000000000e+03,2.433400000000000091e+03,2.622000000000000000e+03,2.582599999999999909e+03,2.426000000000000000e+03,2.642400000000000091e+03,3.344199999999999818e+03,3.068400000000000091e+03,3.083199999999999818e+03,3.446599999999999909e+03,3.015400000000000091e+03,3.105400000000000091e+03,3.600199999999999818e+03,3.899000000000000000e+03,3.747800000000000182e+03,3.553400000000000091e+03,3.637599999999999909e+03,4.022800000000000182e+03,4.209399999999999636e+03,4.309600000000000364e+03,4.632399999999999636e+03,4.827800000000000182e+03,4.549199999999999818e+03,4.407399999999999636e+03,4.745399999999999636e+03,5.102800000000000182e+03,5.025800000000000182e+03,4.881399999999999636e+03,5.057800000000000182e+03,5.478199999999999818e+03,5.553199999999999818e+03,5.423399999999999636e+03,5.840399999999999636e+03,6.043199999999999818e+03,6.157800000000000182e+03,5.999399999999999636e+03,5.901199999999999818e+03,6.165000000000000000e+03,6.348600000000000364e+03,6.340600000000000364e+03,6.614199999999999818e+03,7.061199999999999818e+03,6.953000000000000000e+03,6.649800000000000182e+03,6.875199999999999818e+03,7.127000000000000000e+03,6.699600000000000364e+03,5.845600000000000364e+03,0.000000000000000000e+00,0.000000000000000000e+00,0.000000000000000000e+00,0.000000000000000000e+00,0.000000000000000000e+00,0.000000000000000000e+00,0.000000000000000000e+00,0.000000000000000000e+00,0.000000000000000000e+00,0.000000000000000000e+00,0.000000000000000000e+00,0.000000000000000000e+00,0.000000000000000000e+00,0.000000000000000000e+00,0.000000000000000000e+00,0.000000000000000000e+00,0.000000000000000000e+00,0.000000000000000000e+00,0.000000000000000000e+00,0.000000000000000000e+00,0.000000000000000000e+00,0.000000000000000000e+00,0.000000000000000000e+00,0.000000000000000000e+00,0.000000000000000000e+00,0.000000000000000000e+00,0.000000000000000000e+00,0.000000000000000000e+00,0.000000000000000000e+00,0.000000000000000000e+00,0.000000000000000000e+00,0.000000000000000000e+00,0.000000000000000000e+00,0.000000000000000000e+00,0.000000000000000000e+00,0.000000000000000000e+00,0.000000000000000000e+00,0.000000000000000000e+00,0.000000000000000000e+00,0.000000000000000000e+00,0.000000000000000000e+00,0.000000000000000000e+00,0.000000000000000000e+00,0.000000000000000000e+00,0.000000000000000000e+00,0.000000000000000000e+00,0.000000000000000000e+00,0.000000000000000000e+00,0.000000000000000000e+00,0.000000000000000000e+00,0.000000000000000000e+00,0.000000000000000000e+00,0.000000000000000000e+00,0.000000000000000000e+00,0.000000000000000000e+00,0.000000000000000000e+00,0.000000000000000000e+00,0.000000000000000000e+00,0.000000000000000000e+00,0.000000000000000000e+00,0.000000000000000000e+00,0.000000000000000000e+00,0.000000000000000000e+00,0.000000000000000000e+00,0.000000000000000000e+00,0.000000000000000000e+00,0.000000000000000000e+00,0.000000000000000000e+00,0.000000000000000000e+00,0.000000000000000000e+00,0.000000000000000000e+00,0.000000000000000000e+00,0.000000000000000000e+00,0.000000000000000000e+00,0.000000000000000000e+00,nan,7.037999999999999545e+02,8.273999999999999773e+02,6.182000000000000455e+02,2.888000000000000114e+02,3.216000000000000227e+02,4.138000000000000114e+02,3.931999999999999886e+02,4.970000000000000000e+02,7.137999999999999545e+02,6.107999999999999545e+02,3.550000000000000000e+02,4.993999999999999773e+02,5.357999999999999545e+02,2.926000000000000227e+02,3.411999999999999886e+02,5.813999999999999773e+02,4.971999999999999886e+02,2.913999999999999773e+02,4.300000000000000000e+02,7.140000000000000000e+02,6.052000000000000455e+02,3.891999999999999886e+02,3.218000000000000114e+02,5.028000000000000114e+02,7.210000000000000000e+02,3.246000000000000227e+02,1.564000000000000057e+02,3.258000000000000114e+02,6.406000000000000227e+02,6.442000000000000455e+02,6.767999999999999545e+02,6.617999999999999545e+02,4.161999999999999886e+02,2.458000000000000114e+02,3.141999999999999886e+02,6.026000000000000227e+02,5.783999999999999773e+02,4.090000000000000000e+02,4.278000000000000114e+02,6.003999999999999773e+02,4.781999999999999886e+02,3.186000000000000227e+02,4.288000000000000114e+02,5.923999999999999773e+02,4.598000000000000114e+02,2.940000000000000000e+02,3.100000000000000000e+02,4.863999999999999773e+02,4.236000000000000227e+02,3.048000000000000114e+02,9.363999999999999773e+02,8.706000000000000227e+02,7.502000000000000455e+02,4.368000000000000114e+02,3.403999999999999773e+02,4.941999999999999886e+02,4.560000000000000000e+02,3.111999999999999886e+02,4.731999999999999886e+02,7.402000000000000455e+02,5.000000000000000000e+02,1.162000000000000028e+02,4.620000000000000284e+01,4.441999999999999886e+02,8.423999999999999773e+02,6.056000000000000227e+02,0.000000000000000000e+00,0.000000000000000000e+00,0.000000000000000000e+00,0.000000000000000000e+00,0.000000000000000000e+00,0.000000000000000000e+00,0.000000000000000000e+00,0.000000000000000000e+00,0.000000000000000000e+00,0.000000000000000000e+00,0.000000000000000000e+00,0.000000000000000000e+00,0.000000000000000000e+00,0.000000000000000000e+00,0.000000000000000000e+00,0.000000000000000000e+00,0.000000000000000000e+00,0.000000000000000000e+00,0.000000000000000000e+00,0.000000000000000000e+00,0.000000000000000000e+00,0.000000000000000000e+00,0.000000000000000000e+00,0.000000000000000000e+00,0.000000000000000000e+00,0.000000000000000000e+00,0.000000000000000000e+00,0.000000000000000000e+00,0.000000000000000000e+00,0.000000000000000000e+00,0.000000000000000000e+00,0.000000000000000000e+00,0.000000000000000000e+00,0.000000000000000000e+00,0.000000000000000000e+00,0.000000000000000000e+00,0.000000000000000000e+00,0.000000000000000000e+00,0.000000000000000000e+00,0.000000000000000000e+00,0.000000000000000000e+00,0.000000000000000000e+00,0.000000000000000000e+00,0.000000000000000000e+00,0.000000000000000000e+00,0.000000000000000000e+00,0.000000000000000000e+00,0.000000000000000000e+00,0.000000000000000000e+00,0.000000000000000000e+00,0.000000000000000000e+00,0.000000000000000000e+00,0.000000000000000000e+00,0.000000000000000000e+00,0.000000000000000000e+00,0.000000000000000000e+00,0.000000000000000000e+00,0.000000000000000000e+00,0.000000000000000000e+00,0.000000000000000000e+00,0.000000000000000000e+00,0.000000000000000000e+00,0.000000000000000000e+00,0.000000000000000000e+00,0.000000000000000000e+00,0.000000000000000000e+00,0.000000000000000000e+00,0.000000000000000000e+00,0.000000000000000000e+00,0.000000000000000000e+00,0.000000000000000000e+00,0.000000000000000000e+00,0.000000000000000000e+00,0.000000000000000000e+00,0.000000000000000000e+00,nan,2.000000000000000000e+01,7.000000000000000000e+01,1.200000000000000000e+02,1.700000000000000000e+02,2.200000000000000000e+02,2.700000000000000000e+02,3.200000000000000000e+02,3.700000000000000000e+02,4.200000000000000000e+02,4.700000000000000000e+02,5.200000000000000000e+02,6.066000000000000227e+02,6.810000000000000000e+02,7.310000000000000000e+02,7.810000000000000000e+02,8.317999999999999545e+02,8.820000000000000000e+02,9.320000000000000000e+02,9.820000000000000000e+02,1.032000000000000000e+03,1.082000000000000000e+03,1.132000000000000000e+03,1.182000000000000000e+03,1.264000000000000000e+03,1.362000000000000000e+03,1.412000000000000000e+03,1.462400000000000091e+03,1.527000000000000000e+03,1.633000000000000000e+03,1.683000000000000000e+03,1.733000000000000000e+03,1.783000000000000000e+03,1.833000000000000000e+03,1.883000000000000000e+03,1.933000000000000000e+03,1.983000000000000000e+03,2.033000000000000000e+03,2.083000000000000000e+03,2.133000000000000000e+03,2.183000000000000000e+03,2.233000000000000000e+03,2.283000000000000000e+03,2.333000000000000000e+03,2.383000000000000000e+03,2.433000000000000000e+03,2.483000000000000000e+03,2.533000000000000000e+03,2.583000000000000000e+03,2.633000000000000000e+03,2.683000000000000000e+03,2.835000000000000000e+03,2.885000000000000000e+03,2.935000000000000000e+03,2.985000000000000000e+03,3.035000000000000000e+03,3.085000000000000000e+03,3.135000000000000000e+03,3.185000000000000000e+03,3.235000000000000000e+03,3.285000000000000000e+03,3.335000000000000000e+03,3.385000000000000000e+03,3.435000000000000000e+03,3.513400000000000091e+03,3.606000000000000000e+03,3.654000000000000000e+03,3.696000000000000000e+03,3.746000000000000000e+03,3.796000000000000000e+03,3.846000000000000000e+03,3.896000000000000000e+03,3.946000000000000000e+03,3.996000000000000000e+03,4.046000000000000000e+03,4.096000000000000000e+03,4.146000000000000000e+03,4.196000000000000000e+03,4.246000000000000000e+03,4.296000000000000000e+03,4.346000000000000000e+03,4.396000000000000000e+03,4.446000000000000000e+03,4.496000000000000000e+03,4.546000000000000000e+03,4.596000000000000000e+03,4.646000000000000000e+03,4.696000000000000000e+03,4.746000000000000000e+03,4.796000000000000000e+03,4.846000000000000000e+03,4.896000000000000000e+03,4.946000000000000000e+03,4.996000000000000000e+03,5.046000000000000000e+03,5.096000000000000000e+03,5.146000000000000000e+03,5.196000000000000000e+03,5.246000000000000000e+03,5.296000000000000000e+03,5.346000000000000000e+03,5.396000000000000000e+03,5.446000000000000000e+03,5.496000000000000000e+03,5.546000000000000000e+03,5.596000000000000000e+03,5.646000000000000000e+03,5.696000000000000000e+03,5.746000000000000000e+03,5.796000000000000000e+03,5.846000000000000000e+03,5.896000000000000000e+03,5.946000000000000000e+03,5.996000000000000000e+03,6.046000000000000000e+03,6.096000000000000000e+03,6.146000000000000000e+03,6.196000000000000000e+03,6.246000000000000000e+03,6.296000000000000000e+03,6.346000000000000000e+03,6.396000000000000000e+03,6.446000000000000000e+03,6.496000000000000000e+03,6.546000000000000000e+03,6.596000000000000000e+03,6.646000000000000000e+03,6.696000000000000000e+03,6.746000000000000000e+03,6.796000000000000000e+03,6.846000000000000000e+03,6.896000000000000000e+03,6.946000000000000000e+03,6.996000000000000000e+03,7.046000000000000000e+03,7.096000000000000000e+03,7.146000000000000000e+03,7.196000000000000000e+03,7.246000000000000000e+03,7.296000000000000000e+03,7.346000000000000000e+03,7.396000000000000000e+03,nan
4.993999999999999773e+02,5.280000000000000000e+02,1.614000000000000057e+02,8.500000000000000000e+01,6.543999999999999773e+02,1.132599999999999909e+03,1.085799999999999955e+03,1.093799999999999955e+03,1.417200000000000045e+03,1.507200000000000045e+03,1.214599999999999909e+03,1.243000000000000000e+03,1.788000000000000000e+03,1.985799999999999955e+03,1.741200000000000045e+03,1.782000000000000000e+03,2.199599999999999909e+03,2.305000000000000000e+03,2.336599999999999909e+03,2.759400000000000091e+03,3.139199999999999818e+03,3.214400000000000091e+03,3.057800000000000182e+03,2.957000000000000000e+03,3.310000000000000000e+03,3.828599999999999909e+03,3.732199999999999818e+03,3.453599999999999909e+03,3.786199999999999818e+03,4.132800000000000182e+03,3.456199999999999818e+03,3.755800000000000182e+03,4.316000000000000000e+03,4.455600000000000364e+03,4.257600000000000364e+03,4.128800000000000182e+03,4.348800000000000182e+03,4.722000000000000000e+03,4.881000000000000000e+03,5.072600000000000364e+03,5.306000000000000000e+03,5.259000000000000000e+03,4.987800000000000182e+03,4.951199999999999818e+03,5.297600000000000364e+03,5.589600000000000364e+03,5.494399999999999636e+03,5.454199999999999818e+03,5.822399999999999636e+03,6.116800000000000182e+03,6.064600000000000364e+03,6.150199999999999818e+03,6.420600000000000364e+03,6.592800000000000182e+03,6.515399999999999636e+03,6.358399999999999636e+03,6.447399999999999636e+03,6.753399999999999636e+03,6.771000000000000000e+03,6.688600000000000364e+03,7.012600000000000364e+03,7.546000000000000000e+03,7.456199999999999818e+03,7.127600000000000364e+03,7.292600000000000364e+03,7.278600000000000364e+03,7.378399999999999636e+03,0.000000000000000000e+00,0.000000000000000000e+00,0.000000000000000000e+00,0.000000000000000000e+00,0.000000000000000000e+00,0.000000000000000000e+00,0.000000000000000000e+00,0.000000000000000000e+00,0.000000000000000000e+00,0.000000000000000000e+00,0.000000000000000000e+00,0.000000000000000000e+00,0.000000000000000000e+00,0.000000000000000000e+00,0.000000000000000000e+00,0.000000000000000000e+00,0.000000000000000000e+00,0.000000000000000000e+00,0.000000000000000000e+00,0.000000000000000000e+00,0.000000000000000000e+00,0.000000000000000000e+00,0.000000000000000000e+00,0.000000000000000000e+00,0.000000000000000000e+00,0.000000000000000000e+00,0.000000000000000000e+00,0.000000000000000000e+00,0.000000000000000000e+00,0.000000000000000000e+00,0.000000000000000000e+00,0.000000000000000000e+00,0.000000000000000000e+00,0.000000000000000000e+00,0.000000000000000000e+00,0.000000000000000000e+00,0.000000000000000000e+00,0.000000000000000000e+00,0.000000000000000000e+00,0.000000000000000000e+00,0.000000000000000000e+00,0.000000000000000000e+00,0.000000000000000000e+00,0.000000000000000000e+00,0.000000000000000000e+00,0.000000000000000000e+00,0.000000000000000000e+00,0.000000000000000000e+00,0.000000000000000000e+00,0.000000000000000000e+00,0.000000000000000000e+00,0.000000000000000000e+00,0.000000000000000000e+00,0.000000000000000000e+00,0.000000000000000000e+00,0.000000000000000000e+00,0.000000000000000000e+00,0.000000000000000000e+00,0.000000000000000000e+00,0.000000000000000000e+00,0.000000000000000000e+00,0.000000000000000000e+00,0.000000000000000000e+00,0.000000000000000000e+00,0.000000000000000000e+00,0.000000000000000000e+00,0.000000000000000000e+00,0.000000000000000000e+00,0.000000000000000000e+00,0.000000000000000000e+00,0.000000000000000000e+00,0.000000000000000000e+00,0.000000000000000000e+00,0.000000000000000000e+00,nan,4.166000000000000227e+02,6.056000000000000227e+02,4.200000000000000000e+02,6.120000000000000284e+01,1.030000000000000000e+02,2.494000000000000057e+02,2.598000000000000114e+02,4.061999999999999886e+02,6.052000000000000455e+02,4.773999999999999773e+02,2.271999999999999886e+02,2.521999999999999886e+02,5.577999999999999545e+02,4.983999999999999773e+02,2.061999999999999886e+02,2.650000000000000000e+02,5.096000000000000227e+02,3.848000000000000114e+02,2.716000000000000227e+02,5.297999999999999545e+02,6.433999999999999773e+02,4.373999999999999773e+02,2.718000000000000114e+02,2.643999999999999773e+02,5.497999999999999545e+02,7.790000000000000000e+02,5.202000000000000455e+02,1.535999999999999943e+02,1.630000000000000000e+02,4.410000000000000000e+02,7.247999999999999545e+02,7.640000000000000000e+02,7.750000000000000000e+02,7.226000000000000227e+02,4.533999999999999773e+02,3.240000000000000000e+02,5.157999999999999545e+02,7.290000000000000000e+02,6.156000000000000227e+02,4.911999999999999886e+02,5.637999999999999545e+02,6.623999999999999773e+02,4.798000000000000114e+02,3.401999999999999886e+02,5.031999999999999886e+02,6.480000000000000000e+02,4.881999999999999886e+02,3.928000000000000114e+02,5.422000000000000455e+02,5.757999999999999545e+02,4.398000000000000114e+02,7.266000000000000227e+02,9.157999999999999545e+02,7.967999999999999545e+02,5.700000000000000000e+02,3.703999999999999773e+02,4.386000000000000227e+02,5.727999999999999545e+02,4.238000000000000114e+02,2.891999999999999886e+02,4.931999999999999886e+02,8.172000000000000455e+02,5.956000000000000227e+02,1.814000000000000057e+02,1.022000000000000028e+02,6.150000000000000000e+02,8.213999999999999773e+02,0.000000000000000000e+00,0.000000000000000000e+00,0.000000000000000000e+00,0.000000000000000000e+00,0.000000000000000000e+00,0.000000000000000000e+00,0.000000000000000000e+00,0.000000000000000000e+00,0.000000000000000000e+00,0.000000000000000000e+00,0.000000000000000000e+00,0.000000000000000000e+00,0.000000000000000000e+00,0.000000000000000000e+00,0.000000000000000000e+00,0.000000000000000000e+00,0.000000000000000000e+00,0.000000000000000000e+00,0.000000000000000000e+00,0.000000000000000000e+00,0.000000000000000000e+00,0.000000000000000000e+00,0.000000000000000000e+00,0.000000000000000000e+00,0.000000000000000000e+00,0.000000000000000000e+00,0.000000000000000000e+00,0.000000000000000000e+00,0.000000000000000000e+00,0.000000000000000000e+00,0.000000000000000000e+00,0.000000000000000000e+00,0.000000000000000000e+00,0.000000000000000000e+00,0.000000000000000000e+00,0.000000000000000000e+00,0.000000000000000000e+00,0.000000000000000000e+00,0.000000000000000000e+00,0.000000000000000000e+00,0.000000000000000000e+00,0.000000000000000000e+00,0.000000000000000000e+00,0.000000000000000000e+00,0.000000000000000000e+00,0.000000000000000000e+00,0.000000000000000000e+00,0.000000000000000000e+00,0.000000000000000000e+00,0.000000000000000000e+00,0.000000000000000000e+00,0.000000000000000000e+00,0.000000000000000000e+00,0.000000000000000000e+00,0.000000000000000000e+00,0.000000000000000000e+00,0.000000000000000000e+00,0.000000000000000000e+00,0.000000000000000000e+00,0.000000000000000000e+00,0.000000000000000000e+00,0.000000000000000000e+00,0.000000000000000000e+00,0.000000000000000000e+00,0.000000000000000000e+00,0.000000000000000000e+00,0.000000000000000000e+00,0.000000000000000000e+00,0.000000000000000000e+00,0.000000000000000000e+00,0.000000000000000000e+00,0.000000000000000000e+00,0.000000000000000000e+00,0.000000000000000000e+00,nan,2.000000000000000000e+01,7.000000000000000000e+01,1.200000000000000000e+02,1.700000000000000000e+02,2.200000000000000000e+02,2.700000000000000000e+02,3.200000000000000000e+02,3.700000000000000000e+02,4.200000000000000000e+02,4.700000000000000000e+02,5.200000000000000000e+02,5.700000000000000000e+02,6.200000000000000000e+02,6.700000000000000000e+02,7.200000000000000000e+02,7.700000000000000000e+02,8.200000000000000000e+02,8.700000000000000000e+02,9.200000000000000000e+02,9.700000000000000000e+02,1.020000000000000000e+03,1.070000000000000000e+03,1.120000000000000000e+03,1.170000000000000000e+03,1.220000000000000000e+03,1.270000000000000000e+03,1.320000000000000000e+03,1.370000000000000000e+03,1.420000000000000000e+03,1.478599999999999909e+03,1.563000000000000000e+03,1.613000000000000000e+03,1.663000000000000000e+03,1.713000000000000000e+03,1.763000000000000000e+03,1.813000000000000000e+03,1.863000000000000000e+03,1.913000000000000000e+03,1.963000000000000000e+03,2.013000000000000000e+03,2.063000000000000000e+03,2.113000000000000000e+03,2.163000000000000000e+03,2.213000000000000000e+03,2.263000000000000000e+03,2.313000000000000000e+03,2.363000000000000000e+03,2.413000000000000000e+03,2.463000000000000000e+03,2.513000000000000000e+03,2.563000000000000000e+03,2.661599999999999909e+03,2.744000000000000000e+03,2.794000000000000000e+03,2.844000000000000000e+03,2.894000000000000000e+03,2.944000000000000000e+03,2.994000000000000000e+03,3.044000000000000000e+03,3.094000000000000000e+03,3.144000000000000000e+03,3.194000000000000000e+03,3.244199999999999818e+03,3.295000000000000000e+03,3.345000000000000000e+03,3.461000000000000000e+03,3.555000000000000000e+03,3.595000000000000000e+03,3.645000000000000000e+03,3.695000000000000000e+03,3.745000000000000000e+03,3.795000000000000000e+03,3.845000000000000000e+03,3.895000000000000000e+03,3.945000000000000000e+03,3.995000000000000000e+03,4.045000000000000000e+03,4.095000000000000000e+03,4.145000000000000000e+03,4.195000000000000000e+03,4.245000000000000000e+03,4.295000000000000000e+03,4.345000000000000000e+03,4.395000000000000000e+03,4.445000000000000000e+03,4.495000000000000000e+03,4.545000000000000000e+03,4.595000000000000000e+03,4.645000000000000000e+03,4.695000000000000000e+03,4.745000000000000000e+03,4.795000000000000000e+03,4.845000000000000000e+03,4.895000000000000000e+03,4.945000000000000000e+03,4.995000000000000000e+03,5.045000000000000000e+03,5.095000000000000000e+03,5.145000000000000000e+03,5.195000000000000000e+03,5.245000000000000000e+03,5.295000000000000000e+03,5.345000000000000000e+03,5.395000000000000000e+03,5.445000000000000000e+03,5.495000000000000000e+03,5.545000000000000000e+03,5.595000000000000000e+03,5.645000000000000000e+03,5.695000000000000000e+03,5.745000000000000000e+03,5.795000000000000000e+03,5.845000000000000000e+03,5.895000000000000000e+03,5.945000000000000000e+03,5.995000000000000000e+03,6.045000000000000000e+03,6.095000000000000000e+03,6.145000000000000000e+03,6.195000000000000000e+03,6.245000000000000000e+03,6.295000000000000000e+03,6.345000000000000000e+03,6.395000000000000000e+03,6.445000000000000000e+03,6.495000000000000000e+03,6.545000000000000000e+03,6.595000000000000000e+03,6.645000000000000000e+03,6.695000000000000000e+03,6.745000000000000000e+03,6.795000000000000000e+03,6.845000000000000000e+03,6.895000000000000000e+03,6.945000000000000000e+03,6.995000000000000000e+03,7.045000000000000000e+03,7.095000000000000000e+03,7.145000000000000000e+03,7.195000000000000000e+03,7.245000000000000000e+03,nan
6.600000000000000000e+02,7.346000000000000227e+02,5.003999999999999773e+02,4.979999999999999716e+01,1.760000000000000000e+02,8.396000000000000227e+02,1.230400000000000091e+03,1.152200000000000045e+03,1.303599999999999909e+03,1.744799999999999955e+03,1.736200000000000045e+03,1.340200000000000045e+03,1.517599999999999909e+03,2.296199999999999818e+03,2.101400000000000091e+03,1.967799999999999955e+03,2.203800000000000182e+03,2.660800000000000182e+03,2.669000000000000000e+03,2.673000000000000000e+03,3.197400000000000091e+03,3.580000000000000000e+03,3.603199999999999818e+03,3.492800000000000182e+03,3.224199999999999818e+03,3.343800000000000182e+03,4.101800000000000182e+03,4.464399999999999636e+03,4.104000000000000000e+03,4.100800000000000182e+03,4.627000000000000000e+03,4.612600000000000364e+03,4.046800000000000182e+03,4.447399999999999636e+03,5.010600000000000364e+03,5.023000000000000000e+03,4.734199999999999818e+03,4.713199999999999818e+03,5.074800000000000182e+03,5.401199999999999818e+03,5.481600000000000364e+03,5.662399999999999636e+03,5.910600000000000364e+03,5.785600000000000364e+03,5.502800000000000182e+03,5.642000000000000000e+03,6.108000000000000000e+03,6.198000000000000000e+03,6.106199999999999818e+03,6.320199999999999818e+03,6.627399999999999636e+03,6.588399999999999636e+03,6.587199999999999818e+03,6.947199999999999818e+03,7.160199999999999818e+03,7.167000000000000000e+03,6.890399999999999636e+03,6.877199999999999818e+03,7.230199999999999818e+03,7.373399999999999636e+03,7.512600000000000364e+03,7.896000000000000000e+03,7.870000000000000000e+03,7.652399999999999636e+03,7.812000000000000000e+03,8.324399999999999636e+03,8.377600000000000364e+03,7.971199999999999818e+03,8.049399999999999636e+03,3.382000000000000000e+03,0.000000000000000000e+00,0.000000000000000000e+00,0.000000000000000000e+00,0.000000000000000000e+00,0.000000000000000000e+00,0.000000000000000000e+00,0.000000000000000000e+00,0.000000000000000000e+00,0.000000000000000000e+00,0.000000000000000000e+00,0.000000000000000000e+00,0.000000000000000000e+00,0.000000000000000000e+00,0.000000000000000000e+00,0.000000000000000000e+00,0.000000000000000000e+00,0.000000000000000000e+00,0.000000000000000000e+00,0.000000000000000000e+00,0.000000000000000000e+00,0.000000000000000000e+00,0.000000000000000000e+00,0.000000000000000000e+00,0.000000000000000000e+00,0.000000000000000000e+00,0.000000000000000000e+00,0.000000000000000000e+00,0.000000000000000000e+00,0.000000000000000000e+00,0.000000000000000000e+00,0.000000000000000000e+00,0.000000000000000000e+00,0.000000000000000000e+00,0.000000000000000000e+00,0.000000000000000000e+00,0.000000000000000000e+00,0.000000000000000000e+00,0.000000000000000000e+00,0.000000000000000000e+00,0.000000000000000000e+00,0.000000000000000000e+00,0.000000000000000000e+00,0.000000000000000000e+00,0.000000000000000000e+00,0.000000000000000000e+00,0.000000000000000000e+00,0.000000000000000000e+00,0.000000000000000000e+00,0.000000000000000000e+00,0.000000000000000000e+00,0.000000000000000000e+00,0.000000000000000000e+00,0.000000000000000000e+00,0.000000000000000000e+00,0.000000000000000000e+00,0.000000000000000000e+00,0.000000000000000000e+00,0.000000000000000000e+00,0.000000000000000000e+00,0.000000000000000000e+00,0.000000000000000000e+00,0.000000000000000000e+00,0.000000000000000000e+00,0.000000000000000000e+00,0.000000000000000000e+00,0.000000000000000000e+00,0.000000000000000000e+00,0.000000000000000000e+00,0.000000000000000000e+00,0.000000000000000000e+00,0.000000000000000000e+00,nan,4.876000000000000227e+02,6.780000000000000000e+02,6.847999999999999545e+02,3.138000000000000114e+02,2.860000000000000142e+01,1.025999999999999943e+02,2.115999999999999943e+02,3.103999999999999773e+02,5.430000000000000000e+02,6.860000000000000000e+02,4.516000000000000227e+02,1.715999999999999943e+02,2.588000000000000114e+02,5.583999999999999773e+02,3.416000000000000227e+02,1.528000000000000114e+02,3.353999999999999773e+02,5.982000000000000455e+02,4.023999999999999773e+02,2.478000000000000114e+02,5.222000000000000455e+02,6.757999999999999545e+02,4.198000000000000114e+02,2.101999999999999886e+02,1.032000000000000028e+02,2.686000000000000227e+02,6.503999999999999773e+02,6.477999999999999545e+02,2.231999999999999886e+02,1.639999999999999858e+01,1.660000000000000000e+02,4.830000000000000000e+02,7.392000000000000455e+02,7.766000000000000227e+02,7.847999999999999545e+02,6.292000000000000455e+02,3.383999999999999773e+02,3.268000000000000114e+02,6.153999999999999773e+02,7.537999999999999545e+02,5.683999999999999773e+02,4.853999999999999773e+02,6.077999999999999545e+02,6.627999999999999545e+02,4.226000000000000227e+02,3.963999999999999773e+02,6.187999999999999545e+02,5.932000000000000455e+02,4.263999999999999773e+02,5.113999999999999773e+02,5.642000000000000455e+02,3.888000000000000114e+02,4.601999999999999886e+02,9.780000000000000000e+02,8.700000000000000000e+02,6.667999999999999545e+02,3.470000000000000000e+02,3.338000000000000114e+02,5.033999999999999773e+02,4.090000000000000000e+02,4.296000000000000227e+02,6.600000000000000000e+02,5.396000000000000227e+02,1.811999999999999886e+02,9.300000000000000000e+01,3.373999999999999773e+02,6.997999999999999545e+02,9.570000000000000000e+02,9.022000000000000455e+02,3.293999999999999773e+02,0.000000000000000000e+00,0.000000000000000000e+00,0.000000000000000000e+00,0.000000000000000000e+00,0.000000000000000000e+00,0.000000000000000000e+00,0.000000000000000000e+00,0.000000000000000000e+00,0.000000000000000000e+00,0.000000000000000000e+00,0.000000000000000000e+00,0.000000000000000000e+00,0.000000000000000000e+00,0.000000000000000000e+00,0.000000000000000000e+00,0.000000000000000000e+00,0.000000000000000000e+00,0.000000000000000000e+00,0.000000000000000000e+00,0.000000000000000000e+00,0.000000000000000000e+00,0.000000000000000000e+00,0.000000000000000000e+00,0.000000000000000000e+00,0.000000000000000000e+00,0.000000000000000000e+00,0.000000000000000000e+00,0.000000000000000000e+00,0.000000000000000000e+00,0.000000000000000000e+00,0.000000000000000000e+00,0.000000000000000000e+00,0.000000000000000000e+00,0.000000000000000000e+00,0.000000000000000000e+00,0.000000000000000000e+00,0.000000000000000000e+00,0.000000000000000000e+00,0.000000000000000000e+00,0.000000000000000000e+00,0.000000000000000000e+00,0.000000000000000000e+00,0.000000000000000000e+00,0.000000000000000000e+00,0.000000000000000000e+00,0.000000000000000000e+00,0.000000000000000000e+00,0.000000000000000000e+00,0.000000000000000000e+00,0.000000000000000000e+00,0.000000000000000000e+00,0.000000000000000000e+00,0.000000000000000000e+00,0.000000000000000000e+00,0.000000000000000000e+00,0.000000000000000000e+00,0.000000000000000000e+00,0.000000000000000000e+00,0.000000000000000000e+00,0.000000000000000000e+00,0.000000000000000000e+00,0.000000000000000000e+00,0.000000000000000000e+00,0.000000000000000000e+00,0.000000000000000000e+00,0.000000000000000000e+00,0.000000000000000000e+00,0.000000000000000000e+00,0.000000000000000000e+00,0.000000000000000000e+00,0.000000000000000000e+00,nan,2.000000000000000000e+01,7.000000000000000000e+01,1.200000000000000000e+02,1.700000000000000000e+02,2.200000000000000000e+02,2.700000000000000000e+02,3.200000000000000000e+02,3.700000000000000000e+02,4.200000000000000000e+02,4.700000000000000000e+02,5.200000000000000000e+02,5.700000000000000000e+02,6.362000000000000455e+02,7.510000000000000000e+02,8.010000000000000000e+02,8.510000000000000000e+02,9.010000000000000000e+02,9.510000000000000000e+02,1.001000000000000000e+03,1.051000000000000000e+03,1.101000000000000000e+03,1.151000000000000000e+03,1.201000000000000000e+03,1.251000000000000000e+03,1.301000000000000000e+03,1.351000000000000000e+03,1.401000000000000000e+03,1.451000000000000000e+03,1.501000000000000000e+03,1.551000000000000000e+03,1.601000000000000000e+03,1.663400000000000091e+03,1.732000000000000000e+03,1.782000000000000000e+03,1.832000000000000000e+03,1.882000000000000000e+03,1.932000000000000000e+03,1.982000000000000000e+03,2.032000000000000000e+03,2.082000000000000000e+03,2.132000000000000000e+03,2.182000000000000000e+03,2.232000000000000000e+03,2.282000000000000000e+03,2.332000000000000000e+03,2.382000000000000000e+03,2.432000000000000000e+03,2.482000000000000000e+03,2.532000000000000000e+03,2.582000000000000000e+03,2.632000000000000000e+03,2.682000000000000000e+03,2.748400000000000091e+03,2.864000000000000000e+03,2.914000000000000000e+03,2.964000000000000000e+03,3.014000000000000000e+03,3.064000000000000000e+03,3.114000000000000000e+03,3.164000000000000000e+03,3.214000000000000000e+03,3.264000000000000000e+03,3.314000000000000000e+03,3.364000000000000000e+03,3.414000000000000000e+03,3.454000000000000000e+03,3.504000000000000000e+03,3.554000000000000000e+03,3.604000000000000000e+03,3.649000000000000000e+03,3.695000000000000000e+03,3.745000000000000000e+03,3.795000000000000000e+03,3.845000000000000000e+03,3.895000000000000000e+03,3.945000000000000000e+03,3.995000000000000000e+03,4.045000000000000000e+03,4.095000000000000000e+03,4.145000000000000000e+03,4.195000000000000000e+03,4.245000000000000000e+03,4.295000000000000000e+03,4.345000000000000000e+03,4.395000000000000000e+03,4.445000000000000000e+03,4.495000000000000000e+03,4.545000000000000000e+03,4.595000000000000000e+03,4.645000000000000000e+03,4.695000000000000000e+03,4.745000000000000000e+03,4.795000000000000000e+03,4.845000000000000000e+03,4.895000000000000000e+03,4.945000000000000000e+03,4.995000000000000000e+03,5.045000000000000000e+03,5.095000000000000000e+03,5.145000000000000000e+03,5.195000000000000000e+03,5.245000000000000000e+03,5.295000000000000000e+03,5.345000000000000000e+03,5.395000000000000000e+03,5.445000000000000000e+03,5.495000000000000000e+03,5.545000000000000000e+03,5.595000000000000000e+03,5.645000000000000000e+03,5.695000000000000000e+03,5.745000000000000000e+03,5.795000000000000000e+03,5.845000000000000000e+03,5.895000000000000000e+03,5.945000000000000000e+03,5.995000000000000000e+03,6.045000000000000000e+03,6.095000000000000000e+03,6.145000000000000000e+03,6.195000000000000000e+03,6.245000000000000000e+03,6.295000000000000000e+03,6.345000000000000000e+03,6.395000000000000000e+03,6.445000000000000000e+03,6.495000000000000000e+03,6.545000000000000000e+03,6.595000000000000000e+03,6.645000000000000000e+03,6.695000000000000000e+03,6.745000000000000000e+03,6.795000000000000000e+03,6.845000000000000000e+03,6.895000000000000000e+03,6.945000000000000000e+03,6.995000000000000000e+03,7.045000000000000000e+03,7.095000000000000000e+03,7.145000000000000000e+03,7.195000000000000000e+03,nan
5.262000000000000455e+02,6.150000000000000000e+02,2.936000000000000227e+02,3.639999999999999858e+01,5.573999999999999773e+02,1.162799999999999955e+03,1.086000000000000000e+03,9.710000000000000000e+02,1.322400000000000091e+03,1.538000000000000000e+03,1.274799999999999955e+03,1.157799999999999955e+03,1.693200000000000045e+03,2.094800000000000182e+03,1.883599999999999909e+03,1.742400000000000091e+03,2.190599999999999909e+03,2.516199999999999818e+03,2.440800000000000182e+03,2.687800000000000182e+03,3.231000000000000000e+03,3.428000000000000000e+03,3.321800000000000182e+03,3.089199999999999818e+03,3.221599999999999909e+03,3.848400000000000091e+03,4.093599999999999909e+03,3.778000000000000000e+03,3.873199999999999818e+03,4.038000000000000000e+03,3.748199999999999818e+03,4.202800000000000182e+03,4.567600000000000364e+03,4.504199999999999818e+03,4.278600000000000364e+03,4.274800000000000182e+03,4.658399999999999636e+03,4.983600000000000364e+03,5.180800000000000182e+03,5.370600000000000364e+03,5.274199999999999818e+03,5.013399999999999636e+03,5.033800000000000182e+03,5.363199999999999818e+03,5.599600000000000364e+03,5.518399999999999636e+03,5.547199999999999818e+03,6.051800000000000182e+03,6.302600000000000364e+03,6.165399999999999636e+03,6.343000000000000000e+03,6.641000000000000000e+03,6.833199999999999818e+03,6.788000000000000000e+03,6.569199999999999818e+03,6.711000000000000000e+03,7.046199999999999818e+03,7.088600000000000364e+03,7.302800000000000182e+03,7.723199999999999818e+03,7.671399999999999636e+03,7.441600000000000364e+03,7.700399999999999636e+03,7.734199999999999818e+03,7.746800000000000182e+03,1.629799999999999955e+03,0.000000000000000000e+00,0.000000000000000000e+00,0.000000000000000000e+00,0.000000000000000000e+00,0.000000000000000000e+00,0.000000000000000000e+00,0.000000000000000000e+00,0.000000000000000000e+00,0.000000000000000000e+00,0.000000000000000000e+00,0.000000000000000000e+00,0.000000000000000000e+00,0.000000000000000000e+00,0.000000000000000000e+00,0.000000000000000000e+00,0.000000000000000000e+00,0.000000000000000000e+00,0.000000000000000000e+00,0.000000000000000000e+00,0.000000000000000000e+00,0.000000000000000000e+00,0.000000000000000000e+00,0.000000000000000000e+00,0.000000000000000000e+00,0.000000000000000000e+00,0.000000000000000000e+00,0.000000000000000000e+00,0.000000000000000000e+00,0.000000000000000000e+00,0.000000000000000000e+00,0.000000000000000000e+00,0.000000000000000000e+00,0.000000000000000000e+00,0.000000000000000000e+00,0.000000000000000000e+00,0.000000000000000000e+00,0.000000000000000000e+00,0.000000000000000000e+00,0.000000000000000000e+00,0.000000000000000000e+00,0.000000000000000000e+00,0.000000000000000000e+00,0.000000000000000000e+00,0.000000000000000000e+00,0.000000000000000000e+00,0.000000000000000000e+00,0.000000000000000000e+00,0.000000000000000000e+00,0.000000000000000000e+00,0.000000000000000000e+00,0.000000000000000000e+00,0.000000000000000000e+00,0.000000000000000000e+00,0.000000000000000000e+00,0.000000000000000000e+00,0.000000000000000000e+00,0.000000000000000000e+00,0.000000000000000000e+00,0.000000000000000000e+00,0.000000000000000000e+00,0.000000000000000000e+00,0.000000000000000000e+00,0.000000000000000000e+00,0.000000000000000000e+00,0.000000000000000000e+00,0.000000000000000000e+00,0.000000000000000000e+00,0.000000000000000000e+00,0.000000000000000000e+00,0.000000000000000000e+00,0.000000000000000000e+00,0.000000000000000000e+00,0.000000000000000000e+00,0.000000000000000000e+00,0.000000000000000000e+00,nan,4.768000000000000114e+02,6.592000000000000455e+02,5.393999999999999773e+02,1.134000000000000057e+02,8.779999999999999716e+01,2.861999999999999886e+02,2.798000000000000114e+02,3.603999999999999773e+02,6.436000000000000227e+02,6.272000000000000455e+02,3.133999999999999773e+02,2.108000000000000114e+02,5.673999999999999773e+02,6.997999999999999545e+02,3.730000000000000000e+02,2.385999999999999943e+02,5.572000000000000455e+02,6.263999999999999773e+02,4.006000000000000227e+02,5.108000000000000114e+02,7.973999999999999773e+02,6.186000000000000227e+02,3.973999999999999773e+02,3.000000000000000000e+02,4.683999999999999773e+02,8.623999999999999773e+02,8.367999999999999545e+02,4.233999999999999773e+02,2.933999999999999773e+02,5.913999999999999773e+02,8.427999999999999545e+02,8.560000000000000000e+02,8.730000000000000000e+02,6.900000000000000000e+02,4.311999999999999886e+02,4.293999999999999773e+02,7.126000000000000227e+02,7.593999999999999773e+02,6.490000000000000000e+02,6.767999999999999545e+02,7.133999999999999773e+02,4.946000000000000227e+02,4.183999999999999773e+02,6.087999999999999545e+02,7.133999999999999773e+02,5.332000000000000455e+02,4.700000000000000000e+02,6.803999999999999773e+02,6.677999999999999545e+02,4.773999999999999773e+02,8.140000000000000000e+02,1.065000000000000000e+03,9.446000000000000227e+02,6.890000000000000000e+02,4.268000000000000114e+02,5.283999999999999773e+02,6.012000000000000455e+02,4.493999999999999773e+02,5.637999999999999545e+02,8.762000000000000455e+02,7.083999999999999773e+02,3.158000000000000114e+02,2.771999999999999886e+02,7.540000000000000000e+02,1.000399999999999977e+03,1.875999999999999943e+02,0.000000000000000000e+00,0.000000000000000000e+00,0.000000000000000000e+00,0.000000000000000000e+00,0.000000000000000000e+00,0.000000000000000000e+00,0.000000000000000000e+00,0.000000000000000000e+00,0.000000000000000000e+00,0.000000000000000000e+00,0.000000000000000000e+00,0.000000000000000000e+00,0.000000000000000000e+00,0.000000000000000000e+00,0.000000000000000000e+00,0.000000000000000000e+00,0.000000000000000000e+00,0.000000000000000000e+00,0.000000000000000000e+00,0.000000000000000000e+00,0.000000000000000000e+00,0.000000000000000000e+00,0.000000000000000000e+00,0.000000000000000000e+00,0.000000000000000000e+00,0.000000000000000000e+00,0.000000000000000000e+00,0.000000000000000000e+00,0.000000000000000000e+00,0.000000000000000000e+00,0.000000000000000000e+00,0.000000000000000000e+00,0.000000000000000000e+00,0.000000000000000000e+00,0.000000000000000000e+00,0.000000000000000000e+00,0.000000000000000000e+00,0.000000000000000000e+00,0.000000000000000000e+00,0.000000000000000000e+00,0.000000000000000000e+00,0.000000000000000000e+00,0.000000000000000000e+00,0.000000000000000000e+00,0.000000000000000000e+00,0.000000000000000000e+00,0.000000000000000000e+00,0.000000000000000000e+00,0.000000000000000000e+00,0.000000000000000000e+00,0.000000000000000000e+00,0.000000000000000000e+00,0.000000000000000000e+00,0.000000000000000000e+00,0.000000000000000000e+00,0.000000000000000000e+00,0.000000000000000000e+00,0.000000000000000000e+00,0.000000000000000000e+00,0.000000000000000000e+00,0.000000000000000000e+00,0.000000000000000000e+00,0.000000000000000000e+00,0.000000000000000000e+00,0.000000000000000000e+00,0.000000000000000000e+00,0.000000000000000000e+00,0.000000000000000000e+00,0.000000000000000000e+00,0.000000000000000000e+00,0.000000000000000000e+00,0.000000000000000000e+00,0.000000000000000000e+00,0.000000000000000000e+00,0.000000000000000000e+00,nan,2.000000000000000000e+01,7.000000000000000000e+01,1.200000000000000000e+02,1.700000000000000000e+02,2.200000000000000000e+02,2.700000000000000000e+02,3.200000000000000000e+02,3.700000000000000000e+02,4.200000000000000000e+02,4.703999999999999773e+02,5.210000000000000000e+02,5.710000000000000000e+02,6.210000000000000000e+02,6.710000000000000000e+02,7.210000000000000000e+02,7.710000000000000000e+02,8.210000000000000000e+02,8.710000000000000000e+02,9.210000000000000000e+02,9.710000000000000000e+02,1.021000000000000000e+03,1.071000000000000000e+03,1.121000000000000000e+03,1.171000000000000000e+03,1.221000000000000000e+03,1.271000000000000000e+03,1.319200000000000045e+03,1.362000000000000000e+03,1.412000000000000000e+03,1.498400000000000091e+03,1.603000000000000000e+03,1.653000000000000000e+03,1.703000000000000000e+03,1.753000000000000000e+03,1.803000000000000000e+03,1.853000000000000000e+03,1.903000000000000000e+03,1.953000000000000000e+03,2.003000000000000000e+03,2.053000000000000000e+03,2.103000000000000000e+03,2.153000000000000000e+03,2.203000000000000000e+03,2.253000000000000000e+03,2.303000000000000000e+03,2.353000000000000000e+03,2.403000000000000000e+03,2.453000000000000000e+03,2.503000000000000000e+03,2.551199999999999818e+03,2.654000000000000000e+03,2.744000000000000000e+03,2.794000000000000000e+03,2.844000000000000000e+03,2.894000000000000000e+03,2.944000000000000000e+03,2.994000000000000000e+03,3.044000000000000000e+03,3.094000000000000000e+03,3.144000000000000000e+03,3.194000000000000000e+03,3.242199999999999818e+03,3.285000000000000000e+03,3.401000000000000000e+03,3.495000000000000000e+03,3.537000000000000000e+03,3.585000000000000000e+03,3.635000000000000000e+03,3.685000000000000000e+03,3.735000000000000000e+03,3.785000000000000000e+03,3.835000000000000000e+03,3.885000000000000000e+03,3.935000000000000000e+03,3.985000000000000000e+03,4.035000000000000000e+03,4.085000000000000000e+03,4.135000000000000000e+03,4.185000000000000000e+03,4.235000000000000000e+03,4.285000000000000000e+03,4.335000000000000000e+03,4.385000000000000000e+03,4.435000000000000000e+03,4.485000000000000000e+03,4.535000000000000000e+03,4.585000000000000000e+03,4.635000000000000000e+03,4.685000000000000000e+03,4.735000000000000000e+03,4.785000000000000000e+03,4.835000000000000000e+03,4.885000000000000000e+03,4.935000000000000000e+03,4.985000000000000000e+03,5.035000000000000000e+03,5.085000000000000000e+03,5.135000000000000000e+03,5.185000000000000000e+03,5.235000000000000000e+03,5.285000000000000000e+03,5.335000000000000000e+03,5.385000000000000000e+03,5.435000000000000000e+03,5.485000000000000000e+03,5.535000000000000000e+03,5.585000000000000000e+03,5.635000000000000000e+03,5.685000000000000000e+03,5.735000000000000000e+03,5.785000000000000000e+03,5.835000000000000000e+03,5.885000000000000000e+03,5.935000000000000000e+03,5.985000000000000000e+03,6.035000000000000000e+03,6.085000000000000000e+03,6.135000000000000000e+03,6.185000000000000000e+03,6.235000000000000000e+03,6.285000000000000000e+03,6.335000000000000000e+03,6.385000000000000000e+03,6.435000000000000000e+03,6.485000000000000000e+03,6.535000000000000000e+03,6.585000000000000000e+03,6.635000000000000000e+03,6.685000000000000000e+03,6.735000000000000000e+03,6.785000000000000000e+03,6.835000000000000000e+03,6.885000000000000000e+03,6.935000000000000000e+03,6.985000000000000000e+03,7.035000000000000000e+03,7.085000000000000000e+03,7.135000000000000000e+03,7.185000000000000000e+03,7.235000000000000000e+03,7.285000000000000000e+03,nan
8.416000000000000227e+02,8.040000000000000000e+02,4.883999999999999773e+02,4.860000000000000142e+01,1.824000000000000057e+02,7.542000000000000455e+02,1.156799999999999955e+03,1.182000000000000000e+03,1.177000000000000000e+03,1.162000000000000000e+03,1.117599999999999909e+03,9.710000000000000000e+02,9.526000000000000227e+02,1.333799999999999955e+03,1.657799999999999955e+03,1.533000000000000000e+03,1.289000000000000000e+03,1.312200000000000045e+03,1.635400000000000091e+03,1.875200000000000045e+03,1.963400000000000091e+03,1.851000000000000000e+03,1.834000000000000000e+03,2.105599999999999909e+03,2.335800000000000182e+03,2.343400000000000091e+03,2.272000000000000000e+03,2.635599999999999909e+03,3.031800000000000182e+03,3.140400000000000091e+03,2.965800000000000182e+03,3.019400000000000091e+03,3.125800000000000182e+03,2.872800000000000182e+03,2.797199999999999818e+03,3.284599999999999909e+03,3.724800000000000182e+03,3.782199999999999818e+03,3.749199999999999818e+03,3.583400000000000091e+03,3.563400000000000091e+03,3.795000000000000000e+03,3.842400000000000091e+03,3.467800000000000182e+03,3.363199999999999818e+03,3.745400000000000091e+03,4.429399999999999636e+03,4.512399999999999636e+03,4.317000000000000000e+03,4.281000000000000000e+03,4.606800000000000182e+03,5.107600000000000364e+03,5.254000000000000000e+03,4.966199999999999818e+03,4.814600000000000364e+03,5.013199999999999818e+03,5.347399999999999636e+03,5.330399999999999636e+03,5.268199999999999818e+03,5.573000000000000000e+03,5.929800000000000182e+03,5.957600000000000364e+03,5.893000000000000000e+03,5.784399999999999636e+03,5.813600000000000364e+03,5.942600000000000364e+03,5.950000000000000000e+03,6.045600000000000364e+03,6.392199999999999818e+03,6.515000000000000000e+03,6.412800000000000182e+03,6.327199999999999818e+03,6.683399999999999636e+03,7.034600000000000364e+03,6.933000000000000000e+03,6.984399999999999636e+03,7.464800000000000182e+03,7.868000000000000000e+03,7.813399999999999636e+03,7.610399999999999636e+03,7.499800000000000182e+03,7.753199999999999818e+03,7.733399999999999636e+03,7.297399999999999636e+03,7.264199999999999818e+03,6.249800000000000182e+03,0.000000000000000000e+00,0.000000000000000000e+00,0.000000000000000000e+00,0.000000000000000000e+00,0.000000000000000000e+00,0.000000000000000000e+00,0.000000000000000000e+00,0.000000000000000000e+00,0.000000000000000000e+00,0.000000000000000000e+00,0.000000000000000000e+00,0.000000000000000000e+00,0.000000000000000000e+00,0.000000000000000000e+00,0.000000000000000000e+00,0.000000000000000000e+00,0.000000000000000000e+00,0.000000000000000000e+00,0.000000000000000000e+00,0.000000000000000000e+00,0.000000000000000000e+00,0.000000000000000000e+00,0.000000000000000000e+00,0.000000000000000000e+00,0.000000000000000000e+00,0.000000000000000000e+00,0.000000000000000000e+00,0.000000000000000000e+00,0.000000000000000000e+00,0.000000000000000000e+00,0.000000000000000000e+00,0.000000000000000000e+00,0.000000000000000000e+00,0.000000000000000000e+00,0.000000000000000000e+00,0.000000000000000000e+00,0.000000000000000000e+00,0.000000000000000000e+00,0.000000000000000000e+00,0.000000000000000000e+00,0.000000000000000000e+00,0.000000000000000000e+00,0.000000000000000000e+00,0.000000000000000000e+00,0.000000000000000000e+00,0.000000000000000000e+00,0.000000000000000000e+00,0.000000000000000000e+00,0.000000000000000000e+00,0.000000000000000000e+00,0.000000000000000000e+00,0.000000000000000000e+00,0.000000000000000000e+00,0.000000000000000000e+00,0.000000000000000000e+00,nan,1.118599999999999909e+03,1.406200000000000045e+03,1.550200000000000045e+03,1.070000000000000000e+03,5.936000000000000227e+02,6.200000000000000000e+02,7.940000000000000000e+02,8.110000000000000000e+02,8.070000000000000000e+02,7.807999999999999545e+02,7.426000000000000227e+02,8.993999999999999773e+02,1.146799999999999955e+03,1.281599999999999909e+03,1.149000000000000000e+03,8.053999999999999773e+02,7.112000000000000455e+02,7.720000000000000000e+02,9.530000000000000000e+02,1.110000000000000000e+03,9.736000000000000227e+02,6.720000000000000000e+02,6.386000000000000227e+02,9.472000000000000455e+02,1.030400000000000091e+03,8.027999999999999545e+02,5.553999999999999773e+02,7.907999999999999545e+02,1.024599999999999909e+03,1.095799999999999955e+03,9.273999999999999773e+02,8.102000000000000455e+02,6.427999999999999545e+02,4.121999999999999886e+02,4.931999999999999886e+02,9.153999999999999773e+02,1.281000000000000000e+03,1.357000000000000000e+03,1.299000000000000000e+03,8.680000000000000000e+02,4.186000000000000227e+02,5.126000000000000227e+02,1.010799999999999955e+03,1.162000000000000000e+03,1.174000000000000000e+03,1.138400000000000091e+03,1.174799999999999955e+03,1.114799999999999955e+03,5.642000000000000455e+02,4.328000000000000114e+02,9.416000000000000227e+02,1.094799999999999955e+03,1.067000000000000000e+03,9.332000000000000455e+02,4.678000000000000114e+02,4.220000000000000000e+02,8.856000000000000227e+02,8.926000000000000227e+02,4.538000000000000114e+02,4.180000000000000000e+02,8.236000000000000227e+02,9.047999999999999545e+02,7.983999999999999773e+02,4.650000000000000000e+02,2.530000000000000000e+02,8.396000000000000227e+02,1.170000000000000000e+03,1.087000000000000000e+03,9.432000000000000455e+02,8.940000000000000000e+02,4.666000000000000227e+02,1.984000000000000057e+02,6.167999999999999545e+02,8.830000000000000000e+02,4.893999999999999773e+02,1.995999999999999943e+02,4.991999999999999886e+02,9.852000000000000455e+02,9.542000000000000455e+02,4.831999999999999886e+02,3.180000000000000071e+01,3.131999999999999886e+02,8.102000000000000455e+02,8.766000000000000227e+02,7.603999999999999773e+02,5.660000000000000000e+02,0.000000000000000000e+00,0.000000000000000000e+00,0.000000000000000000e+00,0.000000000000000000e+00,0.000000000000000000e+00,0.000000000000000000e+00,0.000000000000000000e+00,0.000000000000000000e+00,0.000000000000000000e+00,0.000000000000000000e+00,0.000000000000000000e+00,0.000000000000000000e+00,0.000000000000000000e+00,0.000000000000000000e+00,0.000000000000000000e+00,0.000000000000000000e+00,0.000000000000000000e+00,0.000000000000000000e+00,0.000000000000000000e+00,0.000000000000000000e+00,0.000000000000000000e+00,0.000000000000000000e+00,0.000000000000000000e+00,0.000000000000000000e+00,0.000000000000000000e+00,0.000000000000000000e+00,0.000000000000000000e+00,0.000000000000000000e+00,0.000000000000000000e+00,0.000000000000000000e+00,0.000000000000000000e+00,0.000000000000000000e+00,0.000000000000000000e+00,0.000000000000000000e+00,0.000000000000000000e+00,0.000000000000000000e+00,0.000000000000000000e+00,0.000000000000000000e+00,0.000000000000000000e+00,0.000000000000000000e+00,0.000000000000000000e+00,0.000000000000000000e+00,0.000000000000000000e+00,0.000000000000000000e+00,0.000000000000000000e+00,0.000000000000000000e+00,0.000000000000000000e+00,0.000000000000000000e+00,0.000000000000000000e+00,0.000000000000000000e+00,0.000000000000000000e+00,0.000000000000000000e+00,0.000000000000000000e+00,0.000000000000000000e+00,0.000000000000000000e+00,nan,2.000000000000000000e+01,7.000000000000000000e+01,1.200000000000000000e+02,1.700000000000000000e+02,2.200000000000000000e+02,2.700000000000000000e+02,3.200000000000000000e+02,3.700000000000000000e+02,4.200000000000000000e+02,4.700000000000000000e+02,5.200000000000000000e+02,5.700000000000000000e+02,6.200000000000000000e+02,6.700000000000000000e+02,7.200000000000000000e+02,7.700000000000000000e+02,8.200000000000000000e+02,8.700000000000000000e+02,9.120000000000000000e+02,9.620000000000000000e+02,1.012000000000000000e+03,1.062000000000000000e+03,1.112000000000000000e+03,1.162000000000000000e+03,1.212000000000000000e+03,1.262000000000000000e+03,1.312000000000000000e+03,1.362000000000000000e+03,1.412000000000000000e+03,1.462000000000000000e+03,1.512000000000000000e+03,1.562000000000000000e+03,1.612000000000000000e+03,1.662000000000000000e+03,1.712000000000000000e+03,1.762000000000000000e+03,1.812000000000000000e+03,1.862000000000000000e+03,1.912000000000000000e+03,1.962000000000000000e+03,2.012000000000000000e+03,2.062000000000000000e+03,2.112000000000000000e+03,2.162000000000000000e+03,2.210400000000000091e+03,2.254000000000000000e+03,2.448000000000000000e+03,2.534000000000000000e+03,2.584000000000000000e+03,2.634000000000000000e+03,2.684000000000000000e+03,2.790400000000000091e+03,2.925000000000000000e+03,2.975000000000000000e+03,3.025000000000000000e+03,3.075000000000000000e+03,3.125000000000000000e+03,3.175000000000000000e+03,3.225000000000000000e+03,3.275000000000000000e+03,3.325000000000000000e+03,3.375000000000000000e+03,3.425000000000000000e+03,3.475000000000000000e+03,3.525000000000000000e+03,3.665599999999999909e+03,3.776000000000000000e+03,3.826000000000000000e+03,4.008000000000000000e+03,4.146000000000000000e+03,4.196000000000000000e+03,4.246000000000000000e+03,4.296000000000000000e+03,4.346000000000000000e+03,4.396000000000000000e+03,4.446000000000000000e+03,4.496000000000000000e+03,4.546000000000000000e+03,4.596399999999999636e+03,4.647000000000000000e+03,4.697000000000000000e+03,4.747000000000000000e+03,4.797000000000000000e+03,4.847000000000000000e+03,4.897000000000000000e+03,4.945000000000000000e+03,4.987000000000000000e+03,5.037000000000000000e+03,5.087000000000000000e+03,5.137000000000000000e+03,5.187000000000000000e+03,5.237000000000000000e+03,5.287000000000000000e+03,5.337000000000000000e+03,5.387000000000000000e+03,5.437000000000000000e+03,5.487000000000000000e+03,5.537000000000000000e+03,5.587000000000000000e+03,5.637000000000000000e+03,5.687000000000000000e+03,5.737000000000000000e+03,5.787000000000000000e+03,5.837000000000000000e+03,5.887000000000000000e+03,5.937000000000000000e+03,5.987000000000000000e+03,6.037000000000000000e+03,6.087000000000000000e+03,6.137000000000000000e+03,6.187000000000000000e+03,6.237000000000000000e+03,6.287000000000000000e+03,6.337000000000000000e+03,6.387000000000000000e+03,6.437000000000000000e+03,6.487000000000000000e+03,6.537000000000000000e+03,6.587000000000000000e+03,6.637000000000000000e+03,6.687000000000000000e+03,6.737000000000000000e+03,6.787000000000000000e+03,6.837000000000000000e+03,6.887000000000000000e+03,6.937000000000000000e+03,6.987000000000000000e+03,7.037000000000000000e+03,7.087000000000000000e+03,7.137000000000000000e+03,7.187000000000000000e+03,7.237000000000000000e+03,7.287000000000000000e+03,7.337000000000000000e+03,7.387000000000000000e+03,7.437000000000000000e+03,7.487000000000000000e+03,7.537000000000000000e+03,7.587000000000000000e+03,7.637000000000000000e+03,7.687000000000000000e+03,nan
7.140000000000000000e+02,7.087999999999999545e+02,5.607999999999999545e+02,2.050000000000000000e+02,1.860000000000000142e+01,2.438000000000000114e+02,7.710000000000000000e+02,1.145400000000000091e+03,1.191000000000000000e+03,1.191000000000000000e+03,1.160200000000000045e+03,1.011600000000000023e+03,9.533999999999999773e+02,1.230000000000000000e+03,1.569799999999999955e+03,1.533400000000000091e+03,1.323599999999999909e+03,1.289799999999999955e+03,1.651799999999999955e+03,2.022799999999999955e+03,2.069199999999999818e+03,1.981599999999999909e+03,2.088199999999999818e+03,2.363000000000000000e+03,2.353000000000000000e+03,2.352400000000000091e+03,2.707000000000000000e+03,3.087000000000000000e+03,3.099199999999999818e+03,2.984800000000000182e+03,3.102199999999999818e+03,3.072000000000000000e+03,2.825000000000000000e+03,3.010000000000000000e+03,3.599599999999999909e+03,3.746599999999999909e+03,3.572400000000000091e+03,3.420000000000000000e+03,3.694400000000000091e+03,3.627000000000000000e+03,3.254400000000000091e+03,3.584400000000000091e+03,4.287199999999999818e+03,4.533600000000000364e+03,4.358000000000000000e+03,4.177199999999999818e+03,4.185399999999999636e+03,4.517399999999999636e+03,5.073600000000000364e+03,5.226000000000000000e+03,5.037600000000000364e+03,4.762600000000000364e+03,4.829199999999999818e+03,5.228600000000000364e+03,5.346399999999999636e+03,5.210600000000000364e+03,5.384399999999999636e+03,5.891000000000000000e+03,6.040800000000000182e+03,6.015199999999999818e+03,5.882199999999999818e+03,5.863399999999999636e+03,6.025600000000000364e+03,6.046000000000000000e+03,6.062399999999999636e+03,6.341399999999999636e+03,6.470199999999999818e+03,6.398800000000000182e+03,6.276199999999999818e+03,6.529399999999999636e+03,6.876399999999999636e+03,6.814800000000000182e+03,6.818800000000000182e+03,7.267399999999999636e+03,7.664399999999999636e+03,7.625399999999999636e+03,7.464800000000000182e+03,7.382399999999999636e+03,7.634600000000000364e+03,7.645199999999999818e+03,7.185199999999999818e+03,7.059800000000000182e+03,6.145800000000000182e+03,0.000000000000000000e+00,0.000000000000000000e+00,0.000000000000000000e+00,0.000000000000000000e+00,0.000000000000000000e+00,0.000000000000000000e+00,0.000000000000000000e+00,0.000000000000000000e+00,0.000000000000000000e+00,0.000000000000000000e+00,0.000000000000000000e+00,0.000000000000000000e+00,0.000000000000000000e+00,0.000000000000000000e+00,0.000000000000000000e+00,0.000000000000000000e+00,0.000000000000000000e+00,0.000000000000000000e+00,0.000000000000000000e+00,0.000000000000000000e+00,0.000000000000000000e+00,0.000000000000000000e+00,0.000000000000000000e+00,0.000000000000000000e+00,0.000000000000000000e+00,0.000000000000000000e+00,0.000000000000000000e+00,0.000000000000000000e+00,0.000000000000000000e+00,0.000000000000000000e+00,0.000000000000000000e+00,0.000000000000000000e+00,0.000000000000000000e+00,0.000000000000000000e+00,0.000000000000000000e+00,0.000000000000000000e+00,0.000000000000000000e+00,0.000000000000000000e+00,0.000000000000000000e+00,0.000000000000000000e+00,0.000000000000000000e+00,0.000000000000000000e+00,0.000000000000000000e+00,0.000000000000000000e+00,0.000000000000000000e+00,0.000000000000000000e+00,0.000000000000000000e+00,0.000000000000000000e+00,0.000000000000000000e+00,0.000000000000000000e+00,0.000000000000000000e+00,0.000000000000000000e+00,0.000000000000000000e+00,0.000000000000000000e+00,0.000000000000000000e+00,0.000000000000000000e+00,0.000000000000000000e+00,0.000000000000000000e+00,nan,1.067000000000000000e+03,1.143599999999999909e+03,1.345000000000000000e+03,1.259000000000000000e+03,7.497999999999999545e+02,3.786000000000000227e+02,4.873999999999999773e+02,7.110000000000000000e+02,7.420000000000000000e+02,7.396000000000000227e+02,7.432000000000000455e+02,7.946000000000000227e+02,9.137999999999999545e+02,1.078000000000000000e+03,1.014000000000000000e+03,7.097999999999999545e+02,6.227999999999999545e+02,6.976000000000000227e+02,9.220000000000000000e+02,1.067000000000000000e+03,8.412000000000000455e+02,6.707999999999999545e+02,8.153999999999999773e+02,1.035400000000000091e+03,7.537999999999999545e+02,5.031999999999999886e+02,7.357999999999999545e+02,1.049599999999999909e+03,1.013799999999999955e+03,7.646000000000000227e+02,6.247999999999999545e+02,5.118000000000000114e+02,4.946000000000000227e+02,7.442000000000000455e+02,1.265799999999999955e+03,1.371200000000000045e+03,8.892000000000000455e+02,2.963999999999999773e+02,4.288000000000000114e+02,9.303999999999999773e+02,9.516000000000000227e+02,9.662000000000000455e+02,1.083000000000000000e+03,1.136400000000000091e+03,8.510000000000000000e+02,4.268000000000000114e+02,4.108000000000000114e+02,8.972000000000000455e+02,9.332000000000000455e+02,8.970000000000000000e+02,9.183999999999999773e+02,5.443999999999999773e+02,3.698000000000000114e+02,8.116000000000000227e+02,9.667999999999999545e+02,5.031999999999999886e+02,2.508000000000000114e+02,6.517999999999999545e+02,8.532000000000000455e+02,8.202000000000000455e+02,5.353999999999999773e+02,2.425999999999999943e+02,5.403999999999999773e+02,1.302400000000000091e+03,1.149200000000000045e+03,9.052000000000000455e+02,8.296000000000000227e+02,4.198000000000000114e+02,1.345999999999999943e+02,4.588000000000000114e+02,7.323999999999999773e+02,3.968000000000000114e+02,7.679999999999999716e+01,4.681999999999999886e+02,9.720000000000000000e+02,9.183999999999999773e+02,4.906000000000000227e+02,4.979999999999999716e+01,1.551999999999999886e+02,6.610000000000000000e+02,8.996000000000000227e+02,8.412000000000000455e+02,6.460000000000000000e+02,0.000000000000000000e+00,0.000000000000000000e+00,0.000000000000000000e+00,0.000000000000000000e+00,0.000000000000000000e+00,0.000000000000000000e+00,0.000000000000000000e+00,0.000000000000000000e+00,0.000000000000000000e+00,0.000000000000000000e+00,0.000000000000000000e+00,0.000000000000000000e+00,0.000000000000000000e+00,0.000000000000000000e+00,0.000000000000000000e+00,0.000000000000000000e+00,0.000000000000000000e+00,0.000000000000000000e+00,0.000000000000000000e+00,0.000000000000000000e+00,0.000000000000000000e+00,0.000000000000000000e+00,0.000000000000000000e+00,0.000000000000000000e+00,0.000000000000000000e+00,0.000000000000000000e+00,0.000000000000000000e+00,0.000000000000000000e+00,0.000000000000000000e+00,0.000000000000000000e+00,0.000000000000000000e+00,0.000000000000000000e+00,0.000000000000000000e+00,0.000000000000000000e+00,0.000000000000000000e+00,0.000000000000000000e+00,0.000000000000000000e+00,0.000000000000000000e+00,0.000000000000000000e+00,0.000000000000000000e+00,0.000000000000000000e+00,0.000000000000000000e+00,0.000000000000000000e+00,0.000000000000000000e+00,0.000000000000000000e+00,0.000000000000000000e+00,0.000000000000000000e+00,0.000000000000000000e+00,0.000000000000000000e+00,0.000000000000000000e+00,0.000000000000000000e+00,0.000000000000000000e+00,0.000000000000000000e+00,0.000000000000000000e+00,0.000000000000000000e+00,0.000000000000000000e+00,0.000000000000000000e+00,0.000000000000000000e+00,nan,2.000000000000000000e+01,7.000000000000000000e+01,1.200000000000000000e+02,1.700000000000000000e+02,2.200000000000000000e+02,2.700000000000000000e+02,3.200000000000000000e+02,3.700000000000000000e+02,4.200000000000000000e+02,4.700000000000000000e+02,5.200000000000000000e+02,5.700000000000000000e+02,6.200000000000000000e+02,6.700000000000000000e+02,7.200000000000000000e+02,7.700000000000000000e+02,8.200000000000000000e+02,8.682000000000000455e+02,9.110000000000000000e+02,9.610000000000000000e+02,1.011000000000000000e+03,1.061000000000000000e+03,1.111000000000000000e+03,1.161000000000000000e+03,1.211000000000000000e+03,1.261000000000000000e+03,1.303799999999999955e+03,1.352000000000000000e+03,1.402000000000000000e+03,1.452000000000000000e+03,1.502000000000000000e+03,1.552000000000000000e+03,1.602000000000000000e+03,1.652000000000000000e+03,1.702000000000000000e+03,1.752000000000000000e+03,1.802000000000000000e+03,1.852000000000000000e+03,1.902000000000000000e+03,1.968799999999999955e+03,2.023000000000000000e+03,2.073000000000000000e+03,2.123000000000000000e+03,2.173000000000000000e+03,2.223000000000000000e+03,2.273000000000000000e+03,2.323000000000000000e+03,2.373000000000000000e+03,2.489000000000000000e+03,2.583000000000000000e+03,2.633000000000000000e+03,2.683000000000000000e+03,2.733000000000000000e+03,2.783000000000000000e+03,2.833000000000000000e+03,2.883000000000000000e+03,2.933000000000000000e+03,2.983000000000000000e+03,3.033000000000000000e+03,3.083000000000000000e+03,3.133000000000000000e+03,3.183000000000000000e+03,3.243400000000000091e+03,3.335000000000000000e+03,3.385000000000000000e+03,3.537000000000000000e+03,3.655000000000000000e+03,3.705000000000000000e+03,3.755000000000000000e+03,3.805000000000000000e+03,3.855000000000000000e+03,3.905000000000000000e+03,3.955000000000000000e+03,4.005000000000000000e+03,4.055000000000000000e+03,4.105000000000000000e+03,4.155000000000000000e+03,4.205000000000000000e+03,4.255000000000000000e+03,4.305000000000000000e+03,4.355000000000000000e+03,4.405000000000000000e+03,4.453000000000000000e+03,4.495000000000000000e+03,4.545000000000000000e+03,4.595000000000000000e+03,4.645000000000000000e+03,4.695000000000000000e+03,4.745000000000000000e+03,4.795000000000000000e+03,4.845000000000000000e+03,4.895000000000000000e+03,4.945000000000000000e+03,4.995000000000000000e+03,5.045000000000000000e+03,5.095000000000000000e+03,5.145000000000000000e+03,5.195000000000000000e+03,5.245000000000000000e+03,5.295000000000000000e+03,5.345000000000000000e+03,5.395000000000000000e+03,5.445000000000000000e+03,5.495000000000000000e+03,5.545000000000000000e+03,5.595000000000000000e+03,5.645000000000000000e+03,5.695000000000000000e+03,5.745000000000000000e+03,5.795000000000000000e+03,5.845000000000000000e+03,5.895000000000000000e+03,5.945000000000000000e+03,5.995000000000000000e+03,6.045000000000000000e+03,6.095000000000000000e+03,6.145000000000000000e+03,6.195000000000000000e+03,6.245000000000000000e+03,6.295000000000000000e+03,6.345000000000000000e+03,6.395000000000000000e+03,6.445000000000000000e+03,6.495000000000000000e+03,6.545000000000000000e+03,6.595000000000000000e+03,6.645000000000000000e+03,6.695000000000000000e+03,6.745000000000000000e+03,6.795000000000000000e+03,6.845000000000000000e+03,6.895000000000000000e+03,6.945000000000000000e+03,6.995000000000000000e+03,7.045000000000000000e+03,7.095000000000000000e+03,7.145000000000000000e+03,7.195000000000000000e+03,7.245000000000000000e+03,7.295000000000000000e+03,7.345000000000000000e+03,nan
7.982000000000000455e+02,7.980000000000000000e+02,7.192000000000000455e+02,4.216000000000000227e+02,5.960000000000000142e+01,1.528000000000000114e+02,6.383999999999999773e+02,1.006000000000000000e+03,1.027799999999999955e+03,1.070200000000000045e+03,1.125000000000000000e+03,1.036200000000000045e+03,8.632000000000000455e+02,1.117000000000000000e+03,1.465200000000000045e+03,1.526799999999999955e+03,1.329799999999999955e+03,1.311599999999999909e+03,1.623000000000000000e+03,1.839000000000000000e+03,1.884799999999999955e+03,1.770000000000000000e+03,1.842200000000000045e+03,2.148199999999999818e+03,2.310599999999999909e+03,2.297199999999999818e+03,2.412800000000000182e+03,2.791199999999999818e+03,2.817000000000000000e+03,2.748599999999999909e+03,2.897000000000000000e+03,2.917199999999999818e+03,2.743199999999999818e+03,2.777400000000000091e+03,3.181000000000000000e+03,3.432400000000000091e+03,3.456000000000000000e+03,3.447000000000000000e+03,3.288400000000000091e+03,3.426199999999999818e+03,3.756199999999999818e+03,3.636400000000000091e+03,3.244800000000000182e+03,3.180000000000000000e+03,3.556400000000000091e+03,4.159199999999999818e+03,4.378600000000000364e+03,4.347600000000000364e+03,4.182800000000000182e+03,4.306399999999999636e+03,4.755399999999999636e+03,4.911000000000000000e+03,5.352800000000000182e+03,5.298000000000000000e+03,5.040800000000000182e+03,4.787399999999999636e+03,4.899199999999999818e+03,5.283399999999999636e+03,5.361800000000000182e+03,5.246600000000000364e+03,5.356199999999999818e+03,5.786800000000000182e+03,5.937600000000000364e+03,5.883600000000000364e+03,5.814199999999999818e+03,5.765600000000000364e+03,5.841399999999999636e+03,6.038800000000000182e+03,6.141000000000000000e+03,6.121000000000000000e+03,6.156199999999999818e+03,6.416399999999999636e+03,6.489199999999999818e+03,6.371399999999999636e+03,6.303199999999999818e+03,6.672600000000000364e+03,6.927199999999999818e+03,6.849800000000000182e+03,6.813000000000000000e+03,7.173000000000000000e+03,7.564600000000000364e+03,7.617600000000000364e+03,7.477199999999999818e+03,7.375800000000000182e+03,7.528199999999999818e+03,7.815000000000000000e+03,7.625800000000000182e+03,7.366800000000000182e+03,7.366600000000000364e+03,7.767199999999999818e+03,0.000000000000000000e+00,0.000000000000000000e+00,0.000000000000000000e+00,0.000000000000000000e+00,0.000000000000000000e+00,0.000000000000000000e+00,0.000000000000000000e+00,0.000000000000000000e+00,0.000000000000000000e+00,0.000000000000000000e+00,0.000000000000000000e+00,0.000000000000000000e+00,0.000000000000000000e+00,0.000000000000000000e+00,0.000000000000000000e+00,0.000000000000000000e+00,0.000000000000000000e+00,0.000000000000000000e+00,0.000000000000000000e+00,0.000000000000000000e+00,0.000000000000000000e+00,0.000000000000000000e+00,0.000000000000000000e+00,0.000000000000000000e+00,0.000000000000000000e+00,0.000000000000000000e+00,0.000000000000000000e+00,0.000000000000000000e+00,0.000000000000000000e+00,0.000000000000000000e+00,0.000000000000000000e+00,0.000000000000000000e+00,0.000000000000000000e+00,0.000000000000000000e+00,0.000000000000000000e+00,0.000000000000000000e+00,0.000000000000000000e+00,0.000000000000000000e+00,0.000000000000000000e+00,0.000000000000000000e+00,0.000000000000000000e+00,0.000000000000000000e+00,0.000000000000000000e+00,0.000000000000000000e+00,0.000000000000000000e+00,0.000000000000000000e+00,0.000000000000000000e+00,0.000000000000000000e+00,0.000000000000000000e+00,0.000000000000000000e+00,0.000000000000000000e+00,nan,9.532000000000000455e+02,9.940000000000000000e+02,1.220400000000000091e+03,1.427799999999999955e+03,9.796000000000000227e+02,4.096000000000000227e+02,4.321999999999999886e+02,7.437999999999999545e+02,7.613999999999999773e+02,7.323999999999999773e+02,7.062000000000000455e+02,7.292000000000000455e+02,8.572000000000000455e+02,1.146799999999999955e+03,1.095799999999999955e+03,7.736000000000000227e+02,6.187999999999999545e+02,6.950000000000000000e+02,9.482000000000000455e+02,1.018799999999999955e+03,7.426000000000000227e+02,4.921999999999999886e+02,6.296000000000000227e+02,9.487999999999999545e+02,8.970000000000000000e+02,5.752000000000000455e+02,5.516000000000000227e+02,9.206000000000000227e+02,9.343999999999999773e+02,7.507999999999999545e+02,6.512000000000000455e+02,5.262000000000000455e+02,4.031999999999999886e+02,5.360000000000000000e+02,1.018799999999999955e+03,1.312799999999999955e+03,1.335200000000000045e+03,1.253000000000000000e+03,6.953999999999999773e+02,3.420000000000000000e+02,5.850000000000000000e+02,9.026000000000000227e+02,9.567999999999999545e+02,9.913999999999999773e+02,1.041799999999999955e+03,1.079599999999999909e+03,1.120799999999999955e+03,8.093999999999999773e+02,3.973999999999999773e+02,5.782000000000000455e+02,1.068000000000000000e+03,1.061799999999999955e+03,8.300000000000000000e+02,9.422000000000000455e+02,8.496000000000000227e+02,4.408000000000000114e+02,3.881999999999999886e+02,8.120000000000000000e+02,9.243999999999999773e+02,5.682000000000000455e+02,2.973999999999999773e+02,6.130000000000000000e+02,8.440000000000000000e+02,7.857999999999999545e+02,6.193999999999999773e+02,3.506000000000000227e+02,3.160000000000000000e+02,7.133999999999999773e+02,1.203000000000000000e+03,1.098000000000000000e+03,9.880000000000000000e+02,8.857999999999999545e+02,7.703999999999999773e+02,2.968000000000000114e+02,1.580000000000000000e+02,5.662000000000000455e+02,7.562000000000000455e+02,4.328000000000000114e+02,1.348000000000000114e+02,4.340000000000000000e+02,8.557999999999999545e+02,8.922000000000000455e+02,5.957999999999999545e+02,1.345999999999999943e+02,5.920000000000000284e+01,4.296000000000000227e+02,6.213999999999999773e+02,7.416000000000000227e+02,7.630000000000000000e+02,7.896000000000000227e+02,0.000000000000000000e+00,0.000000000000000000e+00,0.000000000000000000e+00,0.000000000000000000e+00,0.000000000000000000e+00,0.000000000000000000e+00,0.000000000000000000e+00,0.000000000000000000e+00,0.000000000000000000e+00,0.000000000000000000e+00,0.000000000000000000e+00,0.000000000000000000e+00,0.000000000000000000e+00,0.000000000000000000e+00,0.000000000000000000e+00,0.000000000000000000e+00,0.000000000000000000e+00,0.000000000000000000e+00,0.000000000000000000e+00,0.000000000000000000e+00,0.000000000000000000e+00,0.000000000000000000e+00,0.000000000000000000e+00,0.000000000000000000e+00,0.000000000000000000e+00,0.000000000000000000e+00,0.000000000000000000e+00,0.000000000000000000e+00,0.000000000000000000e+00,0.000000000000000000e+00,0.000000000000000000e+00,0.000000000000000000e+00,0.000000000000000000e+00,0.000000000000000000e+00,0.000000000000000000e+00,0.000000000000000000e+00,0.000000000000000000e+00,0.000000000000000000e+00,0.000000000000000000e+00,0.000000000000000000e+00,0.000000000000000000e+00,0.000000000000000000e+00,0.000000000000000000e+00,0.000000000000000000e+00,0.000000000000000000e+00,0.000000000000000000e+00,0.000000000000000000e+00,0.000000000000000000e+00,0.000000000000000000e+00,0.000000000000000000e+00,0.000000000000000000e+00,nan,2.000000000000000000e+01,7.000000000000000000e+01,1.200000000000000000e+02,1.700000000000000000e+02,2.200000000000000000e+02,2.700000000000000000e+02,3.200000000000000000e+02,3.700000000000000000e+02,4.200000000000000000e+02,4.700000000000000000e+02,5.200000000000000000e+02,5.700000000000000000e+02,6.200000000000000000e+02,6.700000000000000000e+02,7.200000000000000000e+02,7.700000000000000000e+02,8.200000000000000000e+02,8.700000000000000000e+02,9.200000000000000000e+02,9.700000000000000000e+02,1.020000000000000000e+03,1.070000000000000000e+03,1.120000000000000000e+03,1.170000000000000000e+03,1.220000000000000000e+03,1.270000000000000000e+03,1.320000000000000000e+03,1.411599999999999909e+03,1.472000000000000000e+03,1.522000000000000000e+03,1.572000000000000000e+03,1.622000000000000000e+03,1.672000000000000000e+03,1.722000000000000000e+03,1.772000000000000000e+03,1.822000000000000000e+03,1.872000000000000000e+03,1.918400000000000091e+03,1.963000000000000000e+03,2.013000000000000000e+03,2.063000000000000000e+03,2.113000000000000000e+03,2.163000000000000000e+03,2.213000000000000000e+03,2.263000000000000000e+03,2.409400000000000091e+03,2.604000000000000000e+03,2.654000000000000000e+03,2.704000000000000000e+03,2.754000000000000000e+03,2.804000000000000000e+03,2.854000000000000000e+03,3.015000000000000000e+03,3.065000000000000000e+03,3.115000000000000000e+03,3.165000000000000000e+03,3.215000000000000000e+03,3.265000000000000000e+03,3.315000000000000000e+03,3.365000000000000000e+03,3.415000000000000000e+03,3.465000000000000000e+03,3.515000000000000000e+03,3.565000000000000000e+03,3.615000000000000000e+03,3.665000000000000000e+03,3.715000000000000000e+03,3.789199999999999818e+03,3.936000000000000000e+03,3.986000000000000000e+03,4.036000000000000000e+03,4.366800000000000182e+03,4.487000000000000000e+03,4.537000000000000000e+03,4.587000000000000000e+03,4.637000000000000000e+03,4.687000000000000000e+03,4.737000000000000000e+03,4.787000000000000000e+03,4.837000000000000000e+03,4.887000000000000000e+03,4.937000000000000000e+03,4.987000000000000000e+03,5.037000000000000000e+03,5.087000000000000000e+03,5.137000000000000000e+03,5.187000000000000000e+03,5.237000000000000000e+03,5.287000000000000000e+03,5.337000000000000000e+03,5.377000000000000000e+03,5.427000000000000000e+03,5.477000000000000000e+03,5.527000000000000000e+03,5.577000000000000000e+03,5.627000000000000000e+03,5.677000000000000000e+03,5.727000000000000000e+03,5.777000000000000000e+03,5.827000000000000000e+03,5.877000000000000000e+03,5.927000000000000000e+03,5.977000000000000000e+03,6.027000000000000000e+03,6.077000000000000000e+03,6.127000000000000000e+03,6.177000000000000000e+03,6.227000000000000000e+03,6.277000000000000000e+03,6.327000000000000000e+03,6.377000000000000000e+03,6.427000000000000000e+03,6.477000000000000000e+03,6.527000000000000000e+03,6.577000000000000000e+03,6.627000000000000000e+03,6.677000000000000000e+03,6.727000000000000000e+03,6.777000000000000000e+03,6.827000000000000000e+03,6.877000000000000000e+03,6.927000000000000000e+03,6.977000000000000000e+03,7.027000000000000000e+03,7.077000000000000000e+03,7.127000000000000000e+03,7.177000000000000000e+03,7.227000000000000000e+03,7.277000000000000000e+03,7.327000000000000000e+03,7.377000000000000000e+03,7.427000000000000000e+03,7.477000000000000000e+03,7.527000000000000000e+03,7.577000000000000000e+03,7.627000000000000000e+03,7.677000000000000000e+03,7.727000000000000000e+03,7.777000000000000000e+03,7.827000000000000000e+03,7.877000000000000000e+03,nan
7.693999999999999773e+02,6.977999999999999545e+02,4.871999999999999886e+02,1.315999999999999943e+02,9.140000000000000568e+01,6.396000000000000227e+02,1.205000000000000000e+03,1.272400000000000091e+03,1.182599999999999909e+03,1.058400000000000091e+03,9.640000000000000000e+02,1.061799999999999955e+03,1.492599999999999909e+03,1.588400000000000091e+03,1.374799999999999955e+03,1.506200000000000045e+03,1.944799999999999955e+03,2.186800000000000182e+03,2.148400000000000091e+03,2.016400000000000091e+03,2.043599999999999909e+03,2.349599999999999909e+03,2.554800000000000182e+03,2.447000000000000000e+03,2.491800000000000182e+03,2.729800000000000182e+03,2.915199999999999818e+03,2.910400000000000091e+03,2.904599999999999909e+03,2.853199999999999818e+03,2.834599999999999909e+03,2.999199999999999818e+03,3.120000000000000000e+03,2.995400000000000091e+03,2.858000000000000000e+03,2.950400000000000091e+03,3.135199999999999818e+03,3.554000000000000000e+03,3.836400000000000091e+03,3.846599999999999909e+03,3.811400000000000091e+03,3.619599999999999909e+03,3.590400000000000091e+03,3.767400000000000091e+03,3.891800000000000182e+03,3.669199999999999818e+03,3.581800000000000182e+03,3.986599999999999909e+03,4.603399999999999636e+03,4.619800000000000182e+03,4.422399999999999636e+03,4.399800000000000182e+03,4.884399999999999636e+03,5.181000000000000000e+03,5.148399999999999636e+03,5.480800000000000182e+03,5.620399999999999636e+03,5.289000000000000000e+03,4.992399999999999636e+03,5.184000000000000000e+03,5.503399999999999636e+03,5.482199999999999818e+03,5.521600000000000364e+03,5.902600000000000364e+03,6.187600000000000364e+03,6.201399999999999636e+03,6.027600000000000364e+03,5.960000000000000000e+03,6.064800000000000182e+03,6.186000000000000000e+03,6.175399999999999636e+03,6.274199999999999818e+03,6.639199999999999818e+03,6.630000000000000000e+03,6.480399999999999636e+03,6.538399999999999636e+03,6.963600000000000364e+03,7.044800000000000182e+03,6.935399999999999636e+03,7.066800000000000182e+03,7.502199999999999818e+03,7.768000000000000000e+03,7.754399999999999636e+03,7.599399999999999636e+03,7.441800000000000182e+03,7.566800000000000182e+03,7.839000000000000000e+03,7.911800000000000182e+03,7.542399999999999636e+03,7.003399999999999636e+03,7.026199999999999818e+03,7.548000000000000000e+03,3.207199999999999818e+03,0.000000000000000000e+00,0.000000000000000000e+00,0.000000000000000000e+00,0.000000000000000000e+00,0.000000000000000000e+00,0.000000000000000000e+00,0.000000000000000000e+00,0.000000000000000000e+00,0.000000000000000000e+00,0.000000000000000000e+00,0.000000000000000000e+00,0.000000000000000000e+00,0.000000000000000000e+00,0.000000000000000000e+00,0.000000000000000000e+00,0.000000000000000000e+00,0.000000000000000000e+00,0.000000000000000000e+00,0.000000000000000000e+00,0.000000000000000000e+00,0.000000000000000000e+00,0.000000000000000000e+00,0.000000000000000000e+00,0.000000000000000000e+00,0.000000000000000000e+00,0.000000000000000000e+00,0.000000000000000000e+00,0.000000000000000000e+00,0.000000000000000000e+00,0.000000000000000000e+00,0.000000000000000000e+00,0.000000000000000000e+00,0.000000000000000000e+00,0.000000000000000000e+00,0.000000000000000000e+00,0.000000000000000000e+00,0.000000000000000000e+00,0.000000000000000000e+00,0.000000000000000000e+00,0.000000000000000000e+00,0.000000000000000000e+00,0.000000000000000000e+00,0.000000000000000000e+00,0.000000000000000000e+00,0.000000000000000000e+00,0.000000000000000000e+00,0.000000000000000000e+00,0.000000000000000000e+00,nan,1.067200000000000045e+03,1.224799999999999955e+03,1.465599999999999909e+03,1.128000000000000000e+03,4.641999999999999886e+02,3.180000000000000000e+02,5.743999999999999773e+02,7.686000000000000227e+02,7.642000000000000455e+02,6.640000000000000000e+02,8.180000000000000000e+02,1.097599999999999909e+03,1.181400000000000091e+03,8.430000000000000000e+02,5.897999999999999545e+02,8.030000000000000000e+02,1.048799999999999955e+03,1.113400000000000091e+03,8.482000000000000455e+02,5.957999999999999545e+02,6.280000000000000000e+02,9.327999999999999545e+02,1.005600000000000023e+03,6.606000000000000227e+02,4.386000000000000227e+02,5.903999999999999773e+02,8.310000000000000000e+02,9.040000000000000000e+02,9.090000000000000000e+02,8.263999999999999773e+02,6.773999999999999773e+02,5.806000000000000227e+02,4.936000000000000227e+02,3.666000000000000227e+02,2.876000000000000227e+02,4.481999999999999886e+02,5.982000000000000455e+02,9.453999999999999773e+02,1.195400000000000091e+03,1.337799999999999955e+03,1.335000000000000000e+03,9.380000000000000000e+02,4.448000000000000114e+02,4.363999999999999773e+02,9.380000000000000000e+02,1.130599999999999909e+03,1.117599999999999909e+03,1.091400000000000091e+03,1.075200000000000045e+03,9.827999999999999545e+02,4.496000000000000227e+02,3.928000000000000114e+02,9.433999999999999773e+02,1.063799999999999955e+03,7.747999999999999545e+02,7.607999999999999545e+02,9.062000000000000455e+02,8.283999999999999773e+02,4.608000000000000114e+02,4.573999999999999773e+02,7.787999999999999545e+02,7.590000000000000000e+02,4.266000000000000227e+02,5.316000000000000227e+02,8.436000000000000227e+02,8.590000000000000000e+02,5.542000000000000455e+02,2.004000000000000057e+02,1.634000000000000057e+02,1.041000000000000000e+03,1.149000000000000000e+03,1.045400000000000091e+03,7.873999999999999773e+02,6.772000000000000455e+02,2.350000000000000000e+02,2.445999999999999943e+02,6.442000000000000455e+02,6.257999999999999545e+02,2.590000000000000000e+02,1.724000000000000057e+02,5.282000000000000455e+02,8.102000000000000455e+02,8.302000000000000455e+02,5.777999999999999545e+02,1.621999999999999886e+02,1.800000000000000000e+01,1.868000000000000114e+02,4.676000000000000227e+02,6.723999999999999773e+02,6.977999999999999545e+02,6.943999999999999773e+02,6.786000000000000227e+02,2.778000000000000114e+02,0.000000000000000000e+00,0.000000000000000000e+00,0.000000000000000000e+00,0.000000000000000000e+00,0.000000000000000000e+00,0.000000000000000000e+00,0.000000000000000000e+00,0.000000000000000000e+00,0.000000000000000000e+00,0.000000000000000000e+00,0.000000000000000000e+00,0.000000000000000000e+00,0.000000000000000000e+00,0.000000000000000000e+00,0.000000000000000000e+00,0.000000000000000000e+00,0.000000000000000000e+00,0.000000000000000000e+00,0.000000000000000000e+00,0.000000000000000000e+00,0.000000000000000000e+00,0.000000000000000000e+00,0.000000000000000000e+00,0.000000000000000000e+00,0.000000000000000000e+00,0.000000000000000000e+00,0.000000000000000000e+00,0.000000000000000000e+00,0.000000000000000000e+00,0.000000000000000000e+00,0.000000000000000000e+00,0.000000000000000000e+00,0.000000000000000000e+00,0.000000000000000000e+00,0.000000000000000000e+00,0.000000000000000000e+00,0.000000000000000000e+00,0.000000000000000000e+00,0.000000000000000000e+00,0.000000000000000000e+00,0.000000000000000000e+00,0.000000000000000000e+00,0.000000000000000000e+00,0.000000000000000000e+00,0.000000000000000000e+00,0.000000000000000000e+00,0.000000000000000000e+00,0.000000000000000000e+00,nan,2.000000000000000000e+01,7.000000000000000000e+01,1.200000000000000000e+02,1.700000000000000000e+02,2.200000000000000000e+02,2.700000000000000000e+02,3.200000000000000000e+02,3.700000000000000000e+02,4.200000000000000000e+02,4.700000000000000000e+02,5.200000000000000000e+02,5.700000000000000000e+02,6.200000000000000000e+02,6.700000000000000000e+02,7.203999999999999773e+02,7.710000000000000000e+02,8.210000000000000000e+02,8.710000000000000000e+02,9.210000000000000000e+02,9.710000000000000000e+02,1.021000000000000000e+03,1.071000000000000000e+03,1.121000000000000000e+03,1.171000000000000000e+03,1.221000000000000000e+03,1.271000000000000000e+03,1.321000000000000000e+03,1.371000000000000000e+03,1.421000000000000000e+03,1.471000000000000000e+03,1.521000000000000000e+03,1.571000000000000000e+03,1.621000000000000000e+03,1.671000000000000000e+03,1.721000000000000000e+03,1.771000000000000000e+03,1.821000000000000000e+03,1.871000000000000000e+03,1.921000000000000000e+03,1.971000000000000000e+03,2.021000000000000000e+03,2.071000000000000000e+03,2.121000000000000000e+03,2.153000000000000000e+03,2.203000000000000000e+03,2.253000000000000000e+03,2.303000000000000000e+03,2.353000000000000000e+03,2.603000000000000000e+03,2.703000000000000000e+03,2.753000000000000000e+03,2.803000000000000000e+03,2.853000000000000000e+03,2.903000000000000000e+03,2.953000000000000000e+03,3.003000000000000000e+03,3.053000000000000000e+03,3.103000000000000000e+03,3.153000000000000000e+03,3.203000000000000000e+03,3.253000000000000000e+03,3.295800000000000182e+03,3.344000000000000000e+03,3.394000000000000000e+03,3.444000000000000000e+03,3.494000000000000000e+03,3.544000000000000000e+03,3.594000000000000000e+03,3.644000000000000000e+03,3.798800000000000182e+03,3.875000000000000000e+03,3.925000000000000000e+03,4.256000000000000000e+03,4.306000000000000000e+03,4.356000000000000000e+03,4.406000000000000000e+03,4.456000000000000000e+03,4.506000000000000000e+03,4.556000000000000000e+03,4.606000000000000000e+03,4.656000000000000000e+03,4.706000000000000000e+03,4.756000000000000000e+03,4.806000000000000000e+03,4.856000000000000000e+03,4.906000000000000000e+03,4.956000000000000000e+03,5.006000000000000000e+03,5.056000000000000000e+03,5.106000000000000000e+03,5.150600000000000364e+03,5.197000000000000000e+03,5.241000000000000000e+03,5.287000000000000000e+03,5.337000000000000000e+03,5.387000000000000000e+03,5.437000000000000000e+03,5.487000000000000000e+03,5.537000000000000000e+03,5.587000000000000000e+03,5.637000000000000000e+03,5.687000000000000000e+03,5.737000000000000000e+03,5.787000000000000000e+03,5.837000000000000000e+03,5.887000000000000000e+03,5.937000000000000000e+03,5.987000000000000000e+03,6.037000000000000000e+03,6.087000000000000000e+03,6.137000000000000000e+03,6.187000000000000000e+03,6.237000000000000000e+03,6.287000000000000000e+03,6.337000000000000000e+03,6.387000000000000000e+03,6.437000000000000000e+03,6.487000000000000000e+03,6.537000000000000000e+03,6.587000000000000000e+03,6.637000000000000000e+03,6.687000000000000000e+03,6.737000000000000000e+03,6.787000000000000000e+03,6.837000000000000000e+03,6.887000000000000000e+03,6.937000000000000000e+03,6.987000000000000000e+03,7.037000000000000000e+03,7.087000000000000000e+03,7.137000000000000000e+03,7.187000000000000000e+03,7.237000000000000000e+03,7.287000000000000000e+03,7.337000000000000000e+03,7.387000000000000000e+03,7.437000000000000000e+03,7.487000000000000000e+03,7.537000000000000000e+03,7.587000000000000000e+03,7.637000000000000000e+03,nan
9.132000000000000455e+02,8.420000000000000000e+02,5.897999999999999545e+02,1.488000000000000114e+02,1.585999999999999943e+02,8.042000000000000455e+02,1.159599999999999909e+03,1.078799999999999955e+03,1.313000000000000000e+03,1.422000000000000000e+03,1.076799999999999955e+03,1.169599999999999909e+03,1.836799999999999955e+03,2.146000000000000000e+03,1.979599999999999909e+03,1.814400000000000091e+03,2.072000000000000000e+03,2.359800000000000182e+03,2.352400000000000091e+03,2.912199999999999818e+03,3.254199999999999818e+03,3.010400000000000091e+03,2.991800000000000182e+03,3.290400000000000091e+03,3.113400000000000091e+03,3.377199999999999818e+03,3.858000000000000000e+03,3.804800000000000182e+03,3.953199999999999818e+03,4.099199999999999818e+03,3.671599999999999909e+03,3.620599999999999909e+03,4.300800000000000182e+03,4.644199999999999818e+03,4.530000000000000000e+03,4.402199999999999818e+03,4.448000000000000000e+03,4.670199999999999818e+03,5.152800000000000182e+03,5.410199999999999818e+03,5.249000000000000000e+03,5.062000000000000000e+03,5.072199999999999818e+03,5.264800000000000182e+03,5.420600000000000364e+03,5.495800000000000182e+03,5.846399999999999636e+03,5.889800000000000182e+03,5.897399999999999636e+03,6.111199999999999818e+03,6.299399999999999636e+03,6.288199999999999818e+03,6.318399999999999636e+03,6.606800000000000182e+03,6.779000000000000000e+03,6.899800000000000182e+03,7.280800000000000182e+03,7.437600000000000364e+03,7.392000000000000000e+03,7.681199999999999818e+03,7.823600000000000364e+03,7.277000000000000000e+03,7.260199999999999818e+03,1.619400000000000091e+03,0.000000000000000000e+00,0.000000000000000000e+00,0.000000000000000000e+00,0.000000000000000000e+00,0.000000000000000000e+00,0.000000000000000000e+00,0.000000000000000000e+00,0.000000000000000000e+00,0.000000000000000000e+00,0.000000000000000000e+00,0.000000000000000000e+00,0.000000000000000000e+00,0.000000000000000000e+00,0.000000000000000000e+00,0.000000000000000000e+00,0.000000000000000000e+00,0.000000000000000000e+00,0.000000000000000000e+00,0.000000000000000000e+00,0.000000000000000000e+00,0.000000000000000000e+00,0.000000000000000000e+00,0.000000000000000000e+00,0.000000000000000000e+00,0.000000000000000000e+00,0.000000000000000000e+00,0.000000000000000000e+00,0.000000000000000000e+00,0.000000000000000000e+00,0.000000000000000000e+00,0.000000000000000000e+00,0.000000000000000000e+00,0.000000000000000000e+00,0.000000000000000000e+00,0.000000000000000000e+00,0.000000000000000000e+00,0.000000000000000000e+00,0.000000000000000000e+00,0.000000000000000000e+00,0.000000000000000000e+00,0.000000000000000000e+00,0.000000000000000000e+00,0.000000000000000000e+00,0.000000000000000000e+00,0.000000000000000000e+00,0.000000000000000000e+00,0.000000000000000000e+00,0.000000000000000000e+00,0.000000000000000000e+00,0.000000000000000000e+00,0.000000000000000000e+00,0.000000000000000000e+00,0.000000000000000000e+00,0.000000000000000000e+00,0.000000000000000000e+00,0.000000000000000000e+00,0.000000000000000000e+00,0.000000000000000000e+00,0.000000000000000000e+00,0.000000000000000000e+00,0.000000000000000000e+00,0.000000000000000000e+00,0.000000000000000000e+00,0.000000000000000000e+00,0.000000000000000000e+00,0.000000000000000000e+00,0.000000000000000000e+00,0.000000000000000000e+00,0.000000000000000000e+00,0.000000000000000000e+00,0.000000000000000000e+00,0.000000000000000000e+00,0.000000000000000000e+00,0.000000000000000000e+00,0.000000000000000000e+00,0.000000000000000000e+00,0.000000000000000000e+00,nan,1.159000000000000000e+03,1.308599999999999909e+03,1.301400000000000091e+03,7.383999999999999773e+02,8.679999999999999716e+01,2.354000000000000057e+02,4.443999999999999773e+02,1.645999999999999943e+02,1.594000000000000057e+02,5.008000000000000114e+02,4.098000000000000114e+02,3.321999999999999886e+02,6.016000000000000227e+02,7.537999999999999545e+02,5.070000000000000000e+02,2.168000000000000114e+02,4.386000000000000227e+02,5.846000000000000227e+02,3.250000000000000000e+02,6.446000000000000227e+02,8.852000000000000455e+02,6.827999999999999545e+02,4.986000000000000227e+02,5.026000000000000227e+02,3.076000000000000227e+02,7.037999999999999545e+02,1.074400000000000091e+03,7.000000000000000000e+02,4.216000000000000227e+02,6.163999999999999773e+02,6.740000000000000000e+02,6.083999999999999773e+02,7.532000000000000455e+02,8.597999999999999545e+02,7.777999999999999545e+02,4.068000000000000114e+02,3.356000000000000227e+02,6.762000000000000455e+02,8.023999999999999773e+02,8.287999999999999545e+02,8.356000000000000227e+02,6.937999999999999545e+02,4.156000000000000227e+02,5.742000000000000455e+02,7.250000000000000000e+02,4.953999999999999773e+02,6.886000000000000227e+02,5.936000000000000227e+02,5.280000000000000000e+02,1.119400000000000091e+03,8.912000000000000455e+02,5.506000000000000227e+02,3.883999999999999773e+02,6.920000000000000000e+02,6.142000000000000455e+02,4.536000000000000227e+02,8.740000000000000000e+02,9.480000000000000000e+02,5.233999999999999773e+02,4.410000000000000000e+02,7.497999999999999545e+02,7.896000000000000227e+02,6.920000000000000000e+02,1.654000000000000057e+02,0.000000000000000000e+00,0.000000000000000000e+00,0.000000000000000000e+00,0.000000000000000000e+00,0.000000000000000000e+00,0.000000000000000000e+00,0.000000000000000000e+00,0.000000000000000000e+00,0.000000000000000000e+00,0.000000000000000000e+00,0.000000000000000000e+00,0.000000000000000000e+00,0.000000000000000000e+00,0.000000000000000000e+00,0.000000000000000000e+00,0.000000000000000000e+00,0.000000000000000000e+00,0.000000000000000000e+00,0.000000000000000000e+00,0.000000000000000000e+00,0.000000000000000000e+00,0.000000000000000000e+00,0.000000000000000000e+00,0.000000000000000000e+00,0.000000000000000000e+00,0.000000000000000000e+00,0.000000000000000000e+00,0.000000000000000000e+00,0.000000000000000000e+00,0.000000000000000000e+00,0.000000000000000000e+00,0.000000000000000000e+00,0.000000000000000000e+00,0.000000000000000000e+00,0.000000000000000000e+00,0.000000000000000000e+00,0.000000000000000000e+00,0.000000000000000000e+00,0.000000000000000000e+00,0.000000000000000000e+00,0.000000000000000000e+00,0.000000000000000000e+00,0.000000000000000000e+00,0.000000000000000000e+00,0.000000000000000000e+00,0.000000000000000000e+00,0.000000000000000000e+00,0.000000000000000000e+00,0.000000000000000000e+00,0.000000000000000000e+00,0.000000000000000000e+00,0.000000000000000000e+00,0.000000000000000000e+00,0.000000000000000000e+00,0.000000000000000000e+00,0.000000000000000000e+00,0.000000000000000000e+00,0.000000000000000000e+00,0.000000000000000000e+00,0.000000000000000000e+00,0.000000000000000000e+00,0.000000000000000000e+00,0.000000000000000000e+00,0.000000000000000000e+00,0.000000000000000000e+00,0.000000000000000000e+00,0.000000000000000000e+00,0.000000000000000000e+00,0.000000000000000000e+00,0.000000000000000000e+00,0.000000000000000000e+00,0.000000000000000000e+00,0.000000000000000000e+00,0.000000000000000000e+00,0.000000000000000000e+00,0.000000000000000000e+00,0.000000000000000000e+00,nan,2.000000000000000000e+01,7.000000000000000000e+01,1.200000000000000000e+02,1.700000000000000000e+02,2.200000000000000000e+02,2.700000000000000000e+02,3.200000000000000000e+02,3.700000000000000000e+02,4.200000000000000000e+02,4.700000000000000000e+02,5.200000000000000000e+02,5.700000000000000000e+02,6.200000000000000000e+02,6.700000000000000000e+02,7.200000000000000000e+02,7.700000000000000000e+02,8.200000000000000000e+02,8.700000000000000000e+02,9.120000000000000000e+02,1.002000000000000000e+03,1.062000000000000000e+03,1.112000000000000000e+03,1.162000000000000000e+03,1.212000000000000000e+03,1.262000000000000000e+03,1.336000000000000000e+03,1.402000000000000000e+03,1.452000000000000000e+03,1.502000000000000000e+03,1.552000000000000000e+03,1.602000000000000000e+03,1.652000000000000000e+03,1.702000000000000000e+03,1.752000000000000000e+03,1.802000000000000000e+03,1.852200000000000045e+03,1.903000000000000000e+03,1.953000000000000000e+03,2.003000000000000000e+03,2.053000000000000000e+03,2.103000000000000000e+03,2.153000000000000000e+03,2.203000000000000000e+03,2.243000000000000000e+03,2.293000000000000000e+03,2.343000000000000000e+03,2.425800000000000182e+03,2.484000000000000000e+03,2.546000000000000000e+03,2.644000000000000000e+03,2.726000000000000000e+03,2.784000000000000000e+03,2.834000000000000000e+03,2.884000000000000000e+03,2.934000000000000000e+03,2.984000000000000000e+03,3.045000000000000000e+03,3.095000000000000000e+03,3.145000000000000000e+03,3.195000000000000000e+03,3.245000000000000000e+03,3.295000000000000000e+03,3.345000000000000000e+03,3.387000000000000000e+03,3.435000000000000000e+03,3.485000000000000000e+03,3.535000000000000000e+03,3.585000000000000000e+03,3.635000000000000000e+03,3.685000000000000000e+03,3.735000000000000000e+03,3.785000000000000000e+03,3.835000000000000000e+03,3.885000000000000000e+03,3.935000000000000000e+03,3.985000000000000000e+03,4.035000000000000000e+03,4.085000000000000000e+03,4.135000000000000000e+03,4.185000000000000000e+03,4.235000000000000000e+03,4.285000000000000000e+03,4.335000000000000000e+03,4.385000000000000000e+03,4.435000000000000000e+03,4.485000000000000000e+03,4.535000000000000000e+03,4.585000000000000000e+03,4.635000000000000000e+03,4.685000000000000000e+03,4.735000000000000000e+03,4.785000000000000000e+03,4.835000000000000000e+03,4.885000000000000000e+03,4.935000000000000000e+03,4.985000000000000000e+03,5.035000000000000000e+03,5.085000000000000000e+03,5.135000000000000000e+03,5.185000000000000000e+03,5.235000000000000000e+03,5.285000000000000000e+03,5.335000000000000000e+03,5.385000000000000000e+03,5.435000000000000000e+03,5.485000000000000000e+03,5.535000000000000000e+03,5.585000000000000000e+03,5.635000000000000000e+03,5.685000000000000000e+03,5.735000000000000000e+03,5.785000000000000000e+03,5.835000000000000000e+03,5.885000000000000000e+03,5.935000000000000000e+03,5.985000000000000000e+03,6.035000000000000000e+03,6.085000000000000000e+03,6.135000000000000000e+03,6.185000000000000000e+03,6.235000000000000000e+03,6.285000000000000000e+03,6.335000000000000000e+03,6.385000000000000000e+03,6.435000000000000000e+03,6.485000000000000000e+03,6.535000000000000000e+03,6.585000000000000000e+03,6.635000000000000000e+03,6.685000000000000000e+03,6.735000000000000000e+03,6.785000000000000000e+03,6.835000000000000000e+03,6.885000000000000000e+03,6.935000000000000000e+03,6.985000000000000000e+03,7.035000000000000000e+03,7.085000000000000000e+03,7.135000000000000000e+03,7.185000000000000000e+03,7.235000000000000000e+03,nan
7.476000000000000227e+02,4.461999999999999886e+02,7.800000000000000000e+01,2.816000000000000227e+02,1.071400000000000091e+03,1.220599999999999909e+03,9.770000000000000000e+02,1.300599999999999909e+03,1.474599999999999909e+03,1.158799999999999955e+03,1.323000000000000000e+03,1.894599999999999909e+03,2.002000000000000000e+03,1.855599999999999909e+03,1.910799999999999955e+03,2.192400000000000091e+03,2.263800000000000182e+03,2.302000000000000000e+03,2.694599999999999909e+03,3.047400000000000091e+03,2.935800000000000182e+03,2.824199999999999818e+03,3.095599999999999909e+03,3.162800000000000182e+03,3.182599999999999909e+03,3.684800000000000182e+03,3.668400000000000091e+03,3.672800000000000182e+03,3.939400000000000091e+03,3.772599999999999909e+03,3.332800000000000182e+03,3.683599999999999909e+03,4.410800000000000182e+03,4.547600000000000364e+03,4.526800000000000182e+03,4.489000000000000000e+03,4.477399999999999636e+03,4.597199999999999818e+03,4.938399999999999636e+03,5.243399999999999636e+03,5.257800000000000182e+03,5.077399999999999636e+03,4.950199999999999818e+03,5.009800000000000182e+03,5.212399999999999636e+03,5.254199999999999818e+03,5.327000000000000000e+03,5.640000000000000000e+03,5.692199999999999818e+03,5.672600000000000364e+03,5.800800000000000182e+03,5.873199999999999818e+03,6.155000000000000000e+03,6.111399999999999636e+03,6.144000000000000000e+03,6.381199999999999818e+03,6.544600000000000364e+03,6.744800000000000182e+03,7.229199999999999818e+03,7.264199999999999818e+03,7.253199999999999818e+03,7.562199999999999818e+03,7.332600000000000364e+03,6.897399999999999636e+03,2.984800000000000182e+03,0.000000000000000000e+00,0.000000000000000000e+00,0.000000000000000000e+00,0.000000000000000000e+00,0.000000000000000000e+00,0.000000000000000000e+00,0.000000000000000000e+00,0.000000000000000000e+00,0.000000000000000000e+00,0.000000000000000000e+00,0.000000000000000000e+00,0.000000000000000000e+00,0.000000000000000000e+00,0.000000000000000000e+00,0.000000000000000000e+00,0.000000000000000000e+00,0.000000000000000000e+00,0.000000000000000000e+00,0.000000000000000000e+00,0.000000000000000000e+00,0.000000000000000000e+00,0.000000000000000000e+00,0.000000000000000000e+00,0.000000000000000000e+00,0.000000000000000000e+00,0.000000000000000000e+00,0.000000000000000000e+00,0.000000000000000000e+00,0.000000000000000000e+00,0.000000000000000000e+00,0.000000000000000000e+00,0.000000000000000000e+00,0.000000000000000000e+00,0.000000000000000000e+00,0.000000000000000000e+00,0.000000000000000000e+00,0.000000000000000000e+00,0.000000000000000000e+00,0.000000000000000000e+00,0.000000000000000000e+00,0.000000000000000000e+00,0.000000000000000000e+00,0.000000000000000000e+00,0.000000000000000000e+00,0.000000000000000000e+00,0.000000000000000000e+00,0.000000000000000000e+00,0.000000000000000000e+00,0.000000000000000000e+00,0.000000000000000000e+00,0.000000000000000000e+00,0.000000000000000000e+00,0.000000000000000000e+00,0.000000000000000000e+00,0.000000000000000000e+00,0.000000000000000000e+00,0.000000000000000000e+00,0.000000000000000000e+00,0.000000000000000000e+00,0.000000000000000000e+00,0.000000000000000000e+00,0.000000000000000000e+00,0.000000000000000000e+00,0.000000000000000000e+00,0.000000000000000000e+00,0.000000000000000000e+00,0.000000000000000000e+00,0.000000000000000000e+00,0.000000000000000000e+00,0.000000000000000000e+00,0.000000000000000000e+00,0.000000000000000000e+00,0.000000000000000000e+00,0.000000000000000000e+00,0.000000000000000000e+00,0.000000000000000000e+00,nan,8.646000000000000227e+02,8.867999999999999545e+02,4.001999999999999886e+02,5.220000000000000284e+01,4.960000000000000000e+02,6.266000000000000227e+02,1.614000000000000057e+02,1.965999999999999943e+02,5.622000000000000455e+02,4.603999999999999773e+02,3.910000000000000000e+02,6.706000000000000227e+02,6.897999999999999545e+02,2.966000000000000227e+02,2.606000000000000227e+02,5.467999999999999545e+02,4.023999999999999773e+02,3.406000000000000227e+02,6.787999999999999545e+02,9.483999999999999773e+02,8.017999999999999545e+02,5.976000000000000227e+02,6.417999999999999545e+02,5.118000000000000114e+02,5.897999999999999545e+02,1.155400000000000091e+03,9.403999999999999773e+02,5.532000000000000455e+02,6.242000000000000455e+02,7.793999999999999773e+02,6.790000000000000000e+02,7.823999999999999773e+02,1.003600000000000023e+03,1.032000000000000000e+03,1.023799999999999955e+03,8.006000000000000227e+02,5.943999999999999773e+02,8.146000000000000227e+02,1.059200000000000045e+03,1.097200000000000045e+03,1.088000000000000000e+03,1.158599999999999909e+03,9.027999999999999545e+02,6.933999999999999773e+02,9.556000000000000227e+02,9.587999999999999545e+02,7.540000000000000000e+02,1.033599999999999909e+03,1.025799999999999955e+03,7.223999999999999773e+02,1.287400000000000091e+03,1.458000000000000000e+03,1.189000000000000000e+03,9.210000000000000000e+02,8.180000000000000000e+02,1.110000000000000000e+03,1.027000000000000000e+03,8.996000000000000227e+02,1.403799999999999955e+03,1.267000000000000000e+03,8.226000000000000227e+02,9.920000000000000000e+02,1.298000000000000000e+03,1.169000000000000000e+03,4.961999999999999886e+02,0.000000000000000000e+00,0.000000000000000000e+00,0.000000000000000000e+00,0.000000000000000000e+00,0.000000000000000000e+00,0.000000000000000000e+00,0.000000000000000000e+00,0.000000000000000000e+00,0.000000000000000000e+00,0.000000000000000000e+00,0.000000000000000000e+00,0.000000000000000000e+00,0.000000000000000000e+00,0.000000000000000000e+00,0.000000000000000000e+00,0.000000000000000000e+00,0.000000000000000000e+00,0.000000000000000000e+00,0.000000000000000000e+00,0.000000000000000000e+00,0.000000000000000000e+00,0.000000000000000000e+00,0.000000000000000000e+00,0.000000000000000000e+00,0.000000000000000000e+00,0.000000000000000000e+00,0.000000000000000000e+00,0.000000000000000000e+00,0.000000000000000000e+00,0.000000000000000000e+00,0.000000000000000000e+00,0.000000000000000000e+00,0.000000000000000000e+00,0.000000000000000000e+00,0.000000000000000000e+00,0.000000000000000000e+00,0.000000000000000000e+00,0.000000000000000000e+00,0.000000000000000000e+00,0.000000000000000000e+00,0.000000000000000000e+00,0.000000000000000000e+00,0.000000000000000000e+00,0.000000000000000000e+00,0.000000000000000000e+00,0.000000000000000000e+00,0.000000000000000000e+00,0.000000000000000000e+00,0.000000000000000000e+00,0.000000000000000000e+00,0.000000000000000000e+00,0.000000000000000000e+00,0.000000000000000000e+00,0.000000000000000000e+00,0.000000000000000000e+00,0.000000000000000000e+00,0.000000000000000000e+00,0.000000000000000000e+00,0.000000000000000000e+00,0.000000000000000000e+00,0.000000000000000000e+00,0.000000000000000000e+00,0.000000000000000000e+00,0.000000000000000000e+00,0.000000000000000000e+00,0.000000000000000000e+00,0.000000000000000000e+00,0.000000000000000000e+00,0.000000000000000000e+00,0.000000000000000000e+00,0.000000000000000000e+00,0.000000000000000000e+00,0.000000000000000000e+00,0.000000000000000000e+00,0.000000000000000000e+00,0.000000000000000000e+00,nan,2.000000000000000000e+01,7.000000000000000000e+01,1.200000000000000000e+02,1.700000000000000000e+02,2.200000000000000000e+02,2.700000000000000000e+02,3.200000000000000000e+02,3.700000000000000000e+02,4.200000000000000000e+02,4.700000000000000000e+02,5.200000000000000000e+02,5.700000000000000000e+02,6.200000000000000000e+02,6.700000000000000000e+02,7.200000000000000000e+02,7.700000000000000000e+02,8.200000000000000000e+02,8.700000000000000000e+02,9.200000000000000000e+02,9.700000000000000000e+02,1.020000000000000000e+03,1.070000000000000000e+03,1.118200000000000045e+03,1.161000000000000000e+03,1.231400000000000091e+03,1.312000000000000000e+03,1.362000000000000000e+03,1.412000000000000000e+03,1.462000000000000000e+03,1.512000000000000000e+03,1.562000000000000000e+03,1.612000000000000000e+03,1.714000000000000000e+03,1.842000000000000000e+03,1.892000000000000000e+03,1.942000000000000000e+03,1.992000000000000000e+03,2.042000000000000000e+03,2.092000000000000000e+03,2.142000000000000000e+03,2.192000000000000000e+03,2.242000000000000000e+03,2.292000000000000000e+03,2.342000000000000000e+03,2.392000000000000000e+03,2.442000000000000000e+03,2.492000000000000000e+03,2.574800000000000182e+03,2.633000000000000000e+03,2.683000000000000000e+03,2.773800000000000182e+03,2.834000000000000000e+03,2.944000000000000000e+03,2.994000000000000000e+03,3.044000000000000000e+03,3.094000000000000000e+03,3.144000000000000000e+03,3.198000000000000000e+03,3.264000000000000000e+03,3.314000000000000000e+03,3.364000000000000000e+03,3.414000000000000000e+03,3.464000000000000000e+03,3.514000000000000000e+03,3.558000000000000000e+03,3.604000000000000000e+03,3.654000000000000000e+03,3.704000000000000000e+03,3.754000000000000000e+03,3.804000000000000000e+03,3.854000000000000000e+03,3.904000000000000000e+03,3.954000000000000000e+03,4.004000000000000000e+03,4.054000000000000000e+03,4.104000000000000000e+03,4.154000000000000000e+03,4.204000000000000000e+03,4.254000000000000000e+03,4.304000000000000000e+03,4.354000000000000000e+03,4.404000000000000000e+03,4.454000000000000000e+03,4.504000000000000000e+03,4.554000000000000000e+03,4.604000000000000000e+03,4.654000000000000000e+03,4.704000000000000000e+03,4.754000000000000000e+03,4.804000000000000000e+03,4.854000000000000000e+03,4.904000000000000000e+03,4.954000000000000000e+03,5.004000000000000000e+03,5.054000000000000000e+03,5.104000000000000000e+03,5.154000000000000000e+03,5.204000000000000000e+03,5.254000000000000000e+03,5.304000000000000000e+03,5.354000000000000000e+03,5.404000000000000000e+03,5.454000000000000000e+03,5.504000000000000000e+03,5.554000000000000000e+03,5.604000000000000000e+03,5.654000000000000000e+03,5.704000000000000000e+03,5.754000000000000000e+03,5.804000000000000000e+03,5.854000000000000000e+03,5.904000000000000000e+03,5.954000000000000000e+03,6.004000000000000000e+03,6.054000000000000000e+03,6.104000000000000000e+03,6.154000000000000000e+03,6.204000000000000000e+03,6.254000000000000000e+03,6.304000000000000000e+03,6.354000000000000000e+03,6.404000000000000000e+03,6.454000000000000000e+03,6.504000000000000000e+03,6.554000000000000000e+03,6.604000000000000000e+03,6.654000000000000000e+03,6.704000000000000000e+03,6.754000000000000000e+03,6.804000000000000000e+03,6.854000000000000000e+03,6.904000000000000000e+03,6.954000000000000000e+03,7.004000000000000000e+03,7.054000000000000000e+03,7.104000000000000000e+03,7.154000000000000000e+03,7.204000000000000000e+03,7.254000000000000000e+03,7.304000000000000000e+03,7.354000000000000000e+03,nan
8.720000000000000000e+02,8.322000000000000455e+02,5.880000000000000000e+02,1.495999999999999943e+02,1.220000000000000000e+02,7.840000000000000000e+02,1.316799999999999955e+03,1.283000000000000000e+03,1.196000000000000000e+03,1.535400000000000091e+03,1.615799999999999955e+03,1.203799999999999955e+03,1.320200000000000045e+03,2.007400000000000091e+03,2.330800000000000182e+03,2.174199999999999818e+03,1.955000000000000000e+03,2.102599999999999909e+03,2.531400000000000091e+03,2.732800000000000182e+03,2.908599999999999909e+03,3.398400000000000091e+03,3.848199999999999818e+03,3.759199999999999818e+03,3.438199999999999818e+03,3.665000000000000000e+03,3.841000000000000000e+03,3.592400000000000091e+03,3.829599999999999909e+03,4.350800000000000182e+03,4.513399999999999636e+03,4.396800000000000182e+03,4.617800000000000182e+03,5.025199999999999818e+03,4.689000000000000000e+03,4.111399999999999636e+03,4.519199999999999818e+03,5.272800000000000182e+03,5.452399999999999636e+03,5.328800000000000182e+03,5.314199999999999818e+03,5.320000000000000000e+03,5.398000000000000000e+03,5.782399999999999636e+03,6.216399999999999636e+03,6.299399999999999636e+03,6.114199999999999818e+03,6.020199999999999818e+03,6.052000000000000000e+03,6.273399999999999636e+03,6.431199999999999818e+03,6.573600000000000364e+03,6.902600000000000364e+03,7.152399999999999636e+03,7.203399999999999636e+03,7.245600000000000364e+03,7.398399999999999636e+03,7.582800000000000182e+03,7.845000000000000000e+03,7.882800000000000182e+03,7.944600000000000364e+03,8.092600000000000364e+03,8.256200000000000728e+03,8.299399999999999636e+03,8.392399999999999636e+03,8.471000000000000000e+03,8.590600000000000364e+03,8.805399999999999636e+03,8.790399999999999636e+03,8.892200000000000728e+03,8.990000000000000000e+03,8.634000000000000000e+03,8.676600000000000364e+03,1.847400000000000091e+03,0.000000000000000000e+00,0.000000000000000000e+00,0.000000000000000000e+00,0.000000000000000000e+00,0.000000000000000000e+00,0.000000000000000000e+00,0.000000000000000000e+00,0.000000000000000000e+00,0.000000000000000000e+00,0.000000000000000000e+00,0.000000000000000000e+00,0.000000000000000000e+00,0.000000000000000000e+00,0.000000000000000000e+00,0.000000000000000000e+00,0.000000000000000000e+00,0.000000000000000000e+00,0.000000000000000000e+00,0.000000000000000000e+00,0.000000000000000000e+00,0.000000000000000000e+00,0.000000000000000000e+00,0.000000000000000000e+00,0.000000000000000000e+00,0.000000000000000000e+00,0.000000000000000000e+00,0.000000000000000000e+00,0.000000000000000000e+00,0.000000000000000000e+00,0.000000000000000000e+00,0.000000000000000000e+00,0.000000000000000000e+00,0.000000000000000000e+00,0.000000000000000000e+00,0.000000000000000000e+00,0.000000000000000000e+00,0.000000000000000000e+00,0.000000000000000000e+00,0.000000000000000000e+00,0.000000000000000000e+00,0.000000000000000000e+00,0.000000000000000000e+00,0.000000000000000000e+00,0.000000000000000000e+00,0.000000000000000000e+00,0.000000000000000000e+00,0.000000000000000000e+00,0.000000000000000000e+00,0.000000000000000000e+00,0.000000000000000000e+00,0.000000000000000000e+00,0.000000000000000000e+00,0.000000000000000000e+00,0.000000000000000000e+00,0.000000000000000000e+00,0.000000000000000000e+00,0.000000000000000000e+00,0.000000000000000000e+00,0.000000000000000000e+00,0.000000000000000000e+00,0.000000000000000000e+00,0.000000000000000000e+00,0.000000000000000000e+00,0.000000000000000000e+00,0.000000000000000000e+00,0.000000000000000000e+00,0.000000000000000000e+00,nan,9.600000000000000000e+02,1.097799999999999955e+03,1.163200000000000045e+03,6.967999999999999545e+02,9.100000000000000000e+01,2.678000000000000114e+02,7.110000000000000000e+02,5.950000000000000000e+02,1.464000000000000057e+02,3.070000000000000000e+02,7.290000000000000000e+02,6.880000000000000000e+02,5.877999999999999545e+02,7.912000000000000455e+02,9.763999999999999773e+02,7.440000000000000000e+02,3.153999999999999773e+02,5.286000000000000227e+02,8.477999999999999545e+02,5.980000000000000000e+02,4.656000000000000227e+02,8.830000000000000000e+02,1.283599999999999909e+03,1.213200000000000045e+03,8.512000000000000455e+02,7.703999999999999773e+02,6.512000000000000455e+02,4.580000000000000000e+02,8.503999999999999773e+02,1.423799999999999955e+03,1.512599999999999909e+03,1.031799999999999955e+03,7.622000000000000455e+02,1.018799999999999955e+03,1.152000000000000000e+03,9.683999999999999773e+02,1.049400000000000091e+03,1.281799999999999955e+03,1.302400000000000091e+03,1.232200000000000045e+03,1.027599999999999909e+03,7.822000000000000455e+02,9.702000000000000455e+02,1.270200000000000045e+03,1.340599999999999909e+03,1.347799999999999955e+03,1.374000000000000000e+03,1.157599999999999909e+03,9.170000000000000000e+02,1.132599999999999909e+03,1.188599999999999909e+03,1.037000000000000000e+03,1.247599999999999909e+03,1.341599999999999909e+03,1.063200000000000045e+03,1.021399999999999977e+03,1.669599999999999909e+03,1.732200000000000045e+03,1.658200000000000045e+03,1.430000000000000000e+03,1.053200000000000045e+03,1.126400000000000091e+03,1.398799999999999955e+03,1.452200000000000045e+03,1.296799999999999955e+03,1.120000000000000000e+03,1.317599999999999909e+03,1.653200000000000045e+03,1.537200000000000045e+03,1.282599999999999909e+03,1.365000000000000000e+03,1.544200000000000045e+03,1.552200000000000045e+03,3.218000000000000114e+02,0.000000000000000000e+00,0.000000000000000000e+00,0.000000000000000000e+00,0.000000000000000000e+00,0.000000000000000000e+00,0.000000000000000000e+00,0.000000000000000000e+00,0.000000000000000000e+00,0.000000000000000000e+00,0.000000000000000000e+00,0.000000000000000000e+00,0.000000000000000000e+00,0.000000000000000000e+00,0.000000000000000000e+00,0.000000000000000000e+00,0.000000000000000000e+00,0.000000000000000000e+00,0.000000000000000000e+00,0.000000000000000000e+00,0.000000000000000000e+00,0.000000000000000000e+00,0.000000000000000000e+00,0.000000000000000000e+00,0.000000000000000000e+00,0.000000000000000000e+00,0.000000000000000000e+00,0.000000000000000000e+00,0.000000000000000000e+00,0.000000000000000000e+00,0.000000000000000000e+00,0.000000000000000000e+00,0.000000000000000000e+00,0.000000000000000000e+00,0.000000000000000000e+00,0.000000000000000000e+00,0.000000000000000000e+00,0.000000000000000000e+00,0.000000000000000000e+00,0.000000000000000000e+00,0.000000000000000000e+00,0.000000000000000000e+00,0.000000000000000000e+00,0.000000000000000000e+00,0.000000000000000000e+00,0.000000000000000000e+00,0.000000000000000000e+00,0.000000000000000000e+00,0.000000000000000000e+00,0.000000000000000000e+00,0.000000000000000000e+00,0.000000000000000000e+00,0.000000000000000000e+00,0.000000000000000000e+00,0.000000000000000000e+00,0.000000000000000000e+00,0.000000000000000000e+00,0.000000000000000000e+00,0.000000000000000000e+00,0.000000000000000000e+00,0.000000000000000000e+00,0.000000000000000000e+00,0.000000000000000000e+00,0.000000000000000000e+00,0.000000000000000000e+00,0.000000000000000000e+00,0.000000000000000000e+00,0.000000000000000000e+00,nan,2.000000000000000000e+01,7.000000000000000000e+01,1.200000000000000000e+02,1.700000000000000000e+02,2.200000000000000000e+02,2.700000000000000000e+02,3.200000000000000000e+02,3.700000000000000000e+02,4.200000000000000000e+02,4.700000000000000000e+02,5.200000000000000000e+02,5.700000000000000000e+02,6.200000000000000000e+02,6.700000000000000000e+02,7.200000000000000000e+02,7.700000000000000000e+02,8.200000000000000000e+02,8.700000000000000000e+02,9.200000000000000000e+02,9.700000000000000000e+02,1.020000000000000000e+03,1.068400000000000091e+03,1.112000000000000000e+03,1.162000000000000000e+03,1.212000000000000000e+03,1.262000000000000000e+03,1.312000000000000000e+03,1.362000000000000000e+03,1.412000000000000000e+03,1.462000000000000000e+03,1.512000000000000000e+03,1.562000000000000000e+03,1.612000000000000000e+03,1.662000000000000000e+03,1.712000000000000000e+03,1.762000000000000000e+03,1.812000000000000000e+03,1.862000000000000000e+03,1.912000000000000000e+03,1.962000000000000000e+03,2.012000000000000000e+03,2.062000000000000000e+03,2.103000000000000000e+03,2.153000000000000000e+03,2.203000000000000000e+03,2.253000000000000000e+03,2.303000000000000000e+03,2.353000000000000000e+03,2.403000000000000000e+03,2.444000000000000000e+03,2.494000000000000000e+03,2.544000000000000000e+03,2.594000000000000000e+03,2.644000000000000000e+03,2.694000000000000000e+03,2.744000000000000000e+03,2.824000000000000000e+03,2.898400000000000091e+03,2.985000000000000000e+03,3.035000000000000000e+03,3.085000000000000000e+03,3.135000000000000000e+03,3.185000000000000000e+03,3.235000000000000000e+03,3.285000000000000000e+03,3.335000000000000000e+03,3.385000000000000000e+03,3.435000000000000000e+03,3.483000000000000000e+03,3.525000000000000000e+03,3.575000000000000000e+03,3.625000000000000000e+03,3.675400000000000091e+03,3.718000000000000000e+03,3.766000000000000000e+03,3.816000000000000000e+03,3.866000000000000000e+03,3.916000000000000000e+03,3.966000000000000000e+03,4.016000000000000000e+03,4.066000000000000000e+03,4.116000000000000000e+03,4.166000000000000000e+03,4.216000000000000000e+03,4.266000000000000000e+03,4.316000000000000000e+03,4.366000000000000000e+03,4.416000000000000000e+03,4.466000000000000000e+03,4.516000000000000000e+03,4.566000000000000000e+03,4.616000000000000000e+03,4.666000000000000000e+03,4.716000000000000000e+03,4.766000000000000000e+03,4.816000000000000000e+03,4.866000000000000000e+03,4.916000000000000000e+03,4.966000000000000000e+03,5.016000000000000000e+03,5.066000000000000000e+03,5.116000000000000000e+03,5.166000000000000000e+03,5.216000000000000000e+03,5.266000000000000000e+03,5.316000000000000000e+03,5.366000000000000000e+03,5.416000000000000000e+03,5.466000000000000000e+03,5.516000000000000000e+03,5.566000000000000000e+03,5.616000000000000000e+03,5.666000000000000000e+03,5.716000000000000000e+03,5.766000000000000000e+03,5.816000000000000000e+03,5.866000000000000000e+03,5.916000000000000000e+03,5.966000000000000000e+03,6.016000000000000000e+03,6.066000000000000000e+03,6.116000000000000000e+03,6.166000000000000000e+03,6.216000000000000000e+03,6.266000000000000000e+03,6.316000000000000000e+03,6.366000000000000000e+03,6.416000000000000000e+03,6.466000000000000000e+03,6.516000000000000000e+03,6.566000000000000000e+03,6.616000000000000000e+03,6.666000000000000000e+03,6.716000000000000000e+03,6.766000000000000000e+03,6.816000000000000000e+03,6.866000000000000000e+03,6.916000000000000000e+03,6.966000000000000000e+03,7.016000000000000000e+03,7.066000000000000000e+03,nan
8.593999999999999773e+02,7.493999999999999773e+02,4.008000000000000114e+02,4.960000000000000142e+01,2.993999999999999773e+02,1.028400000000000091e+03,1.347599999999999909e+03,1.242200000000000045e+03,1.517599999999999909e+03,1.851599999999999909e+03,1.565799999999999955e+03,1.370200000000000045e+03,1.924000000000000000e+03,2.557199999999999818e+03,2.575000000000000000e+03,2.317199999999999818e+03,2.325000000000000000e+03,2.658400000000000091e+03,2.797400000000000091e+03,2.872599999999999909e+03,3.324599999999999909e+03,3.677599999999999909e+03,3.568599999999999909e+03,3.374800000000000182e+03,3.641400000000000091e+03,3.829800000000000182e+03,3.610400000000000091e+03,3.909000000000000000e+03,4.518600000000000364e+03,4.672399999999999636e+03,4.556199999999999818e+03,4.796600000000000364e+03,4.976199999999999818e+03,4.453800000000000182e+03,4.261000000000000000e+03,5.004199999999999818e+03,5.565199999999999818e+03,5.425000000000000000e+03,5.390399999999999636e+03,5.550199999999999818e+03,6.004600000000000364e+03,6.441399999999999636e+03,6.320600000000000364e+03,6.072800000000000182e+03,6.073600000000000364e+03,6.322600000000000364e+03,6.472000000000000000e+03,6.541399999999999636e+03,6.903800000000000182e+03,7.035199999999999818e+03,6.960000000000000000e+03,7.202000000000000000e+03,7.473800000000000182e+03,7.527399999999999636e+03,7.507000000000000000e+03,7.727199999999999818e+03,7.997600000000000364e+03,8.030399999999999636e+03,8.190199999999999818e+03,8.656799999999999272e+03,8.842000000000000000e+03,8.865399999999999636e+03,9.126000000000000000e+03,8.948600000000000364e+03,8.517200000000000728e+03,7.303000000000000000e+03,0.000000000000000000e+00,0.000000000000000000e+00,0.000000000000000000e+00,0.000000000000000000e+00,0.000000000000000000e+00,0.000000000000000000e+00,0.000000000000000000e+00,0.000000000000000000e+00,0.000000000000000000e+00,0.000000000000000000e+00,0.000000000000000000e+00,0.000000000000000000e+00,0.000000000000000000e+00,0.000000000000000000e+00,0.000000000000000000e+00,0.000000000000000000e+00,0.000000000000000000e+00,0.000000000000000000e+00,0.000000000000000000e+00,0.000000000000000000e+00,0.000000000000000000e+00,0.000000000000000000e+00,0.000000000000000000e+00,0.000000000000000000e+00,0.000000000000000000e+00,0.000000000000000000e+00,0.000000000000000000e+00,0.000000000000000000e+00,0.000000000000000000e+00,0.000000000000000000e+00,0.000000000000000000e+00,0.000000000000000000e+00,0.000000000000000000e+00,0.000000000000000000e+00,0.000000000000000000e+00,0.000000000000000000e+00,0.000000000000000000e+00,0.000000000000000000e+00,0.000000000000000000e+00,0.000000000000000000e+00,0.000000000000000000e+00,0.000000000000000000e+00,0.000000000000000000e+00,0.000000000000000000e+00,0.000000000000000000e+00,0.000000000000000000e+00,0.000000000000000000e+00,0.000000000000000000e+00,0.000000000000000000e+00,0.000000000000000000e+00,0.000000000000000000e+00,0.000000000000000000e+00,0.000000000000000000e+00,0.000000000000000000e+00,0.000000000000000000e+00,0.000000000000000000e+00,0.000000000000000000e+00,0.000000000000000000e+00,0.000000000000000000e+00,0.000000000000000000e+00,0.000000000000000000e+00,0.000000000000000000e+00,0.000000000000000000e+00,0.000000000000000000e+00,0.000000000000000000e+00,0.000000000000000000e+00,0.000000000000000000e+00,0.000000000000000000e+00,0.000000000000000000e+00,0.000000000000000000e+00,0.000000000000000000e+00,0.000000000000000000e+00,0.000000000000000000e+00,0.000000000000000000e+00,0.000000000000000000e+00,nan,1.020000000000000000e+03,1.139799999999999955e+03,1.018000000000000000e+03,4.488000000000000114e+02,4.420000000000000284e+01,3.840000000000000000e+02,6.486000000000000227e+02,2.961999999999999886e+02,1.438000000000000114e+02,5.693999999999999773e+02,7.527999999999999545e+02,5.740000000000000000e+02,5.847999999999999545e+02,8.693999999999999773e+02,8.320000000000000000e+02,4.376000000000000227e+02,3.941999999999999886e+02,7.163999999999999773e+02,5.533999999999999773e+02,3.946000000000000227e+02,7.482000000000000455e+02,1.004600000000000023e+03,9.226000000000000227e+02,6.570000000000000000e+02,6.393999999999999773e+02,5.600000000000000000e+02,3.790000000000000000e+02,8.182000000000000455e+02,1.373799999999999955e+03,1.364000000000000000e+03,8.243999999999999773e+02,6.103999999999999773e+02,8.633999999999999773e+02,9.556000000000000227e+02,8.963999999999999773e+02,1.008200000000000045e+03,1.048400000000000091e+03,7.720000000000000000e+02,5.253999999999999773e+02,7.536000000000000227e+02,1.017000000000000000e+03,1.122400000000000091e+03,1.136200000000000045e+03,9.083999999999999773e+02,6.522000000000000455e+02,8.546000000000000227e+02,8.927999999999999545e+02,6.337999999999999545e+02,8.756000000000000227e+02,8.677999999999999545e+02,6.057999999999999545e+02,1.533799999999999955e+03,1.205400000000000091e+03,8.512000000000000455e+02,5.386000000000000227e+02,8.177999999999999545e+02,1.016000000000000000e+03,6.392000000000000455e+02,6.566000000000000227e+02,1.178000000000000000e+03,1.171200000000000045e+03,7.473999999999999773e+02,7.620000000000000000e+02,1.104599999999999909e+03,1.157000000000000000e+03,9.370000000000000000e+02,0.000000000000000000e+00,0.000000000000000000e+00,0.000000000000000000e+00,0.000000000000000000e+00,0.000000000000000000e+00,0.000000000000000000e+00,0.000000000000000000e+00,0.000000000000000000e+00,0.000000000000000000e+00,0.000000000000000000e+00,0.000000000000000000e+00,0.000000000000000000e+00,0.000000000000000000e+00,0.000000000000000000e+00,0.000000000000000000e+00,0.000000000000000000e+00,0.000000000000000000e+00,0.000000000000000000e+00,0.000000000000000000e+00,0.000000000000000000e+00,0.000000000000000000e+00,0.000000000000000000e+00,0.000000000000000000e+00,0.000000000000000000e+00,0.000000000000000000e+00,0.000000000000000000e+00,0.000000000000000000e+00,0.000000000000000000e+00,0.000000000000000000e+00,0.000000000000000000e+00,0.000000000000000000e+00,0.000000000000000000e+00,0.000000000000000000e+00,0.000000000000000000e+00,0.000000000000000000e+00,0.000000000000000000e+00,0.000000000000000000e+00,0.000000000000000000e+00,0.000000000000000000e+00,0.000000000000000000e+00,0.000000000000000000e+00,0.000000000000000000e+00,0.000000000000000000e+00,0.000000000000000000e+00,0.000000000000000000e+00,0.000000000000000000e+00,0.000000000000000000e+00,0.000000000000000000e+00,0.000000000000000000e+00,0.000000000000000000e+00,0.000000000000000000e+00,0.000000000000000000e+00,0.000000000000000000e+00,0.000000000000000000e+00,0.000000000000000000e+00,0.000000000000000000e+00,0.000000000000000000e+00,0.000000000000000000e+00,0.000000000000000000e+00,0.000000000000000000e+00,0.000000000000000000e+00,0.000000000000000000e+00,0.000000000000000000e+00,0.000000000000000000e+00,0.000000000000000000e+00,0.000000000000000000e+00,0.000000000000000000e+00,0.000000000000000000e+00,0.000000000000000000e+00,0.000000000000000000e+00,0.000000000000000000e+00,0.000000000000000000e+00,0.000000000000000000e+00,0.000000000000000000e+00,0.000000000000000000e+00,nan,2.000000000000000000e+01,7.000000000000000000e+01,1.200000000000000000e+02,1.700000000000000000e+02,2.200000000000000000e+02,2.700000000000000000e+02,3.200000000000000000e+02,3.700000000000000000e+02,4.200000000000000000e+02,4.700000000000000000e+02,5.200000000000000000e+02,5.700000000000000000e+02,6.200000000000000000e+02,6.700000000000000000e+02,7.200000000000000000e+02,7.700000000000000000e+02,8.200000000000000000e+02,8.700000000000000000e+02,9.200000000000000000e+02,9.636000000000000227e+02,1.012000000000000000e+03,1.062000000000000000e+03,1.112000000000000000e+03,1.162000000000000000e+03,1.212000000000000000e+03,1.262000000000000000e+03,1.312000000000000000e+03,1.362000000000000000e+03,1.412000000000000000e+03,1.462000000000000000e+03,1.512000000000000000e+03,1.562000000000000000e+03,1.612000000000000000e+03,1.662000000000000000e+03,1.712000000000000000e+03,1.762000000000000000e+03,1.844799999999999955e+03,1.903000000000000000e+03,1.953000000000000000e+03,2.003000000000000000e+03,2.053000000000000000e+03,2.103000000000000000e+03,2.153000000000000000e+03,2.203000000000000000e+03,2.253000000000000000e+03,2.303000000000000000e+03,2.353000000000000000e+03,2.403000000000000000e+03,2.477599999999999909e+03,2.544000000000000000e+03,2.594000000000000000e+03,2.694000000000000000e+03,2.792000000000000000e+03,2.854000000000000000e+03,2.904000000000000000e+03,2.954000000000000000e+03,3.004000000000000000e+03,3.054000000000000000e+03,3.104000000000000000e+03,3.154000000000000000e+03,3.204000000000000000e+03,3.254000000000000000e+03,3.304000000000000000e+03,3.354000000000000000e+03,3.405000000000000000e+03,3.453000000000000000e+03,3.495000000000000000e+03,3.545000000000000000e+03,3.595000000000000000e+03,3.645000000000000000e+03,3.695000000000000000e+03,3.745000000000000000e+03,3.795000000000000000e+03,3.845000000000000000e+03,3.895000000000000000e+03,3.945000000000000000e+03,3.995000000000000000e+03,4.045000000000000000e+03,4.095000000000000000e+03,4.145000000000000000e+03,4.195000000000000000e+03,4.245000000000000000e+03,4.295000000000000000e+03,4.345000000000000000e+03,4.395000000000000000e+03,4.445000000000000000e+03,4.495000000000000000e+03,4.545000000000000000e+03,4.595000000000000000e+03,4.645000000000000000e+03,4.695000000000000000e+03,4.745000000000000000e+03,4.795000000000000000e+03,4.845000000000000000e+03,4.895000000000000000e+03,4.945000000000000000e+03,4.995000000000000000e+03,5.045000000000000000e+03,5.095000000000000000e+03,5.145000000000000000e+03,5.195000000000000000e+03,5.245000000000000000e+03,5.295000000000000000e+03,5.345000000000000000e+03,5.395000000000000000e+03,5.445000000000000000e+03,5.495000000000000000e+03,5.545000000000000000e+03,5.595000000000000000e+03,5.645000000000000000e+03,5.695000000000000000e+03,5.745000000000000000e+03,5.795000000000000000e+03,5.845000000000000000e+03,5.895000000000000000e+03,5.945000000000000000e+03,5.995000000000000000e+03,6.045000000000000000e+03,6.095000000000000000e+03,6.145000000000000000e+03,6.195000000000000000e+03,6.245000000000000000e+03,6.295000000000000000e+03,6.345000000000000000e+03,6.395000000000000000e+03,6.445000000000000000e+03,6.495000000000000000e+03,6.545000000000000000e+03,6.595000000000000000e+03,6.645000000000000000e+03,6.695000000000000000e+03,6.745000000000000000e+03,6.795000000000000000e+03,6.845000000000000000e+03,6.895000000000000000e+03,6.945000000000000000e+03,6.995000000000000000e+03,7.045000000000000000e+03,7.095000000000000000e+03,7.145000000000000000e+03,7.195000000000000000e+03,nan
6.966000000000000227e+02,7.090000000000000000e+02,7.123999999999999773e+02,7.122000000000000455e+02,6.183999999999999773e+02,2.946000000000000227e+02,2.319999999999999929e+01,1.651999999999999886e+02,6.067999999999999545e+02,1.169200000000000045e+03,1.650599999999999909e+03,1.867200000000000045e+03,1.883599999999999909e+03,1.715400000000000091e+03,1.380200000000000045e+03,1.217000000000000000e+03,1.383000000000000000e+03,1.701400000000000091e+03,1.893400000000000091e+03,1.949200000000000045e+03,1.952000000000000000e+03,1.950000000000000000e+03,1.950000000000000000e+03,1.934799999999999955e+03,1.898599999999999909e+03,2.020599999999999909e+03,2.310000000000000000e+03,2.606400000000000091e+03,2.658400000000000091e+03,2.410800000000000182e+03,2.242400000000000091e+03,2.356800000000000182e+03,2.761199999999999818e+03,3.101800000000000182e+03,3.157599999999999909e+03,2.975800000000000182e+03,2.934400000000000091e+03,3.206800000000000182e+03,3.763199999999999818e+03,4.126800000000000182e+03,4.377800000000000182e+03,4.216399999999999636e+03,3.902599999999999909e+03,3.861400000000000091e+03,3.864400000000000091e+03,3.884000000000000000e+03,4.044199999999999818e+03,4.349800000000000182e+03,4.826000000000000000e+03,5.040000000000000000e+03,5.076600000000000364e+03,5.095000000000000000e+03,5.097000000000000000e+03,5.107399999999999636e+03,5.195399999999999636e+03,5.247000000000000000e+03,5.199800000000000182e+03,4.846600000000000364e+03,4.485600000000000364e+03,4.488000000000000000e+03,4.639399999999999636e+03,4.859199999999999818e+03,4.936800000000000182e+03,4.616800000000000182e+03,4.538399999999999636e+03,4.805199999999999818e+03,5.493399999999999636e+03,5.779600000000000364e+03,5.864399999999999636e+03,5.820800000000000182e+03,5.537199999999999818e+03,5.079000000000000000e+03,5.070399999999999636e+03,5.501399999999999636e+03,5.835199999999999818e+03,5.848399999999999636e+03,5.856399999999999636e+03,5.967600000000000364e+03,6.272000000000000000e+03,6.570199999999999818e+03,6.728399999999999636e+03,6.741399999999999636e+03,6.490399999999999636e+03,5.948000000000000000e+03,5.857000000000000000e+03,6.319399999999999636e+03,6.741600000000000364e+03,6.781000000000000000e+03,6.784000000000000000e+03,6.655199999999999818e+03,6.335399999999999636e+03,6.541600000000000364e+03,7.082399999999999636e+03,7.336000000000000000e+03,7.323600000000000364e+03,7.162199999999999818e+03,7.268600000000000364e+03,7.660199999999999818e+03,7.678199999999999818e+03,7.173000000000000000e+03,7.103600000000000364e+03,8.013800000000000182e+03,8.189800000000000182e+03,7.850199999999999818e+03,7.422600000000000364e+03,7.590600000000000364e+03,8.147000000000000000e+03,8.443399999999999636e+03,8.317799999999999272e+03,8.085199999999999818e+03,8.269600000000000364e+03,8.849399999999999636e+03,9.236600000000000364e+03,9.328399999999999636e+03,9.334799999999999272e+03,9.343200000000000728e+03,9.357200000000000728e+03,9.339799999999999272e+03,9.327000000000000000e+03,9.327000000000000000e+03,9.327000000000000000e+03,9.325000000000000000e+03,9.322000000000000000e+03,9.322000000000000000e+03,9.322000000000000000e+03,9.320000000000000000e+03,9.291600000000000364e+03,9.207399999999999636e+03,9.151600000000000364e+03,8.986399999999999636e+03,8.767399999999999636e+03,8.776200000000000728e+03,9.036600000000000364e+03,9.277799999999999272e+03,9.242399999999999636e+03,9.166200000000000728e+03,9.105399999999999636e+03,9.060200000000000728e+03,9.514000000000000000e+03,1.023439999999999964e+04,1.036000000000000000e+04,nan,1.439400000000000091e+03,1.438000000000000000e+03,1.463000000000000000e+03,1.486599999999999909e+03,1.472400000000000091e+03,1.170799999999999955e+03,5.620000000000000000e+02,1.097999999999999972e+02,1.501999999999999886e+02,6.643999999999999773e+02,1.225400000000000091e+03,1.528000000000000000e+03,1.577599999999999909e+03,1.370599999999999909e+03,7.656000000000000227e+02,1.534000000000000057e+02,1.085999999999999943e+02,5.512000000000000455e+02,9.790000000000000000e+02,1.234799999999999955e+03,1.291799999999999955e+03,1.293000000000000000e+03,1.293000000000000000e+03,1.232200000000000045e+03,9.232000000000000455e+02,7.567999999999999545e+02,9.297999999999999545e+02,1.145799999999999955e+03,1.046599999999999909e+03,4.873999999999999773e+02,3.460000000000000142e+01,2.310000000000000000e+02,9.027999999999999545e+02,1.158799999999999955e+03,9.553999999999999773e+02,4.320000000000000000e+02,1.414000000000000057e+02,3.710000000000000000e+02,9.842000000000000455e+02,1.226400000000000091e+03,1.124000000000000000e+03,6.612000000000000455e+02,4.541999999999999886e+02,7.357999999999999545e+02,7.840000000000000000e+02,4.893999999999999773e+02,2.881999999999999886e+02,5.453999999999999773e+02,1.269200000000000045e+03,1.659000000000000000e+03,1.721200000000000045e+03,1.741000000000000000e+03,1.741000000000000000e+03,1.753000000000000000e+03,1.876799999999999955e+03,1.970200000000000045e+03,1.878400000000000091e+03,1.212599999999999909e+03,3.706000000000000227e+02,1.194000000000000057e+02,3.770000000000000000e+02,9.282000000000000455e+02,1.475400000000000091e+03,1.746599999999999909e+03,1.763599999999999909e+03,1.708799999999999955e+03,1.777799999999999955e+03,1.871599999999999909e+03,1.898000000000000000e+03,1.805599999999999909e+03,1.206599999999999909e+03,5.233999999999999773e+02,4.748000000000000114e+02,1.144000000000000000e+03,1.597000000000000000e+03,1.613000000000000000e+03,1.344799999999999955e+03,1.118799999999999955e+03,1.284599999999999909e+03,1.520400000000000091e+03,1.418000000000000000e+03,1.418200000000000045e+03,1.430799999999999955e+03,9.253999999999999773e+02,6.046000000000000227e+02,9.726000000000000227e+02,1.407799999999999955e+03,1.448000000000000000e+03,1.440000000000000000e+03,1.210000000000000000e+03,5.756000000000000227e+02,4.648000000000000114e+02,9.812000000000000455e+02,1.347000000000000000e+03,1.306400000000000091e+03,7.880000000000000000e+02,5.346000000000000227e+02,7.510000000000000000e+02,8.152000000000000455e+02,1.716799999999999955e+03,1.827799999999999955e+03,1.573599999999999909e+03,1.557400000000000091e+03,1.064599999999999909e+03,4.138000000000000114e+02,4.931999999999999886e+02,1.126799999999999955e+03,1.330000000000000000e+03,9.612000000000000455e+02,4.358000000000000114e+02,4.641999999999999886e+02,1.058400000000000091e+03,1.472400000000000091e+03,1.616599999999999909e+03,1.622200000000000045e+03,1.669000000000000000e+03,1.766599999999999909e+03,1.861400000000000091e+03,1.892000000000000000e+03,1.881000000000000000e+03,1.881000000000000000e+03,1.881000000000000000e+03,1.881000000000000000e+03,1.881000000000000000e+03,1.881000000000000000e+03,1.869400000000000091e+03,1.772599999999999909e+03,1.605599999999999909e+03,1.514799999999999955e+03,1.150400000000000091e+03,5.466000000000000227e+02,3.441999999999999886e+02,7.553999999999999773e+02,1.353599999999999909e+03,1.667200000000000045e+03,1.818400000000000091e+03,1.872400000000000091e+03,1.835799999999999955e+03,1.662200000000000045e+03,1.627000000000000000e+03,1.631000000000000000e+03,nan,2.000000000000000000e+01,7.000000000000000000e+01,1.200000000000000000e+02,1.700000000000000000e+02,2.200000000000000000e+02,2.700000000000000000e+02,3.200000000000000000e+02,3.700000000000000000e+02,4.206000000000000227e+02,4.710000000000000000e+02,5.210000000000000000e+02,5.710000000000000000e+02,6.210000000000000000e+02,6.710000000000000000e+02,7.210000000000000000e+02,7.710000000000000000e+02,8.130000000000000000e+02,8.610000000000000000e+02,9.110000000000000000e+02,9.610000000000000000e+02,1.011000000000000000e+03,1.061000000000000000e+03,1.111000000000000000e+03,1.161000000000000000e+03,1.211000000000000000e+03,1.261000000000000000e+03,1.311000000000000000e+03,1.361000000000000000e+03,1.411000000000000000e+03,1.461000000000000000e+03,1.511000000000000000e+03,1.561000000000000000e+03,1.611000000000000000e+03,1.661000000000000000e+03,1.711000000000000000e+03,1.761000000000000000e+03,1.811000000000000000e+03,1.861000000000000000e+03,1.911000000000000000e+03,1.961000000000000000e+03,2.011000000000000000e+03,2.061000000000000000e+03,2.111000000000000000e+03,2.161000000000000000e+03,2.211000000000000000e+03,2.261000000000000000e+03,2.311000000000000000e+03,2.361000000000000000e+03,2.411000000000000000e+03,2.461000000000000000e+03,2.511000000000000000e+03,2.561000000000000000e+03,2.611000000000000000e+03,2.661000000000000000e+03,2.711000000000000000e+03,2.761000000000000000e+03,2.811000000000000000e+03,2.861000000000000000e+03,2.911000000000000000e+03,2.961000000000000000e+03,3.011000000000000000e+03,3.061000000000000000e+03,3.111000000000000000e+03,3.161000000000000000e+03,3.211000000000000000e+03,3.261000000000000000e+03,3.311000000000000000e+03,3.361000000000000000e+03,3.411000000000000000e+03,3.461000000000000000e+03,3.511000000000000000e+03,3.561000000000000000e+03,3.611000000000000000e+03,3.661000000000000000e+03,3.711000000000000000e+03,3.761000000000000000e+03,3.811000000000000000e+03,3.861000000000000000e+03,3.911000000000000000e+03,3.961000000000000000e+03,4.011000000000000000e+03,4.061000000000000000e+03,4.091000000000000000e+03,4.136000000000000000e+03,4.186000000000000000e+03,4.236000000000000000e+03,4.286000000000000000e+03,4.336000000000000000e+03,4.386000000000000000e+03,4.436000000000000000e+03,4.486000000000000000e+03,4.536000000000000000e+03,4.586000000000000000e+03,4.636000000000000000e+03,4.686000000000000000e+03,4.736000000000000000e+03,4.786000000000000000e+03,4.836000000000000000e+03,4.886000000000000000e+03,5.024800000000000182e+03,5.097000000000000000e+03,5.475800000000000182e+03,5.608000000000000000e+03,5.658000000000000000e+03,5.708000000000000000e+03,5.758000000000000000e+03,5.808000000000000000e+03,5.858000000000000000e+03,5.908000000000000000e+03,5.958000000000000000e+03,6.008000000000000000e+03,6.058000000000000000e+03,6.108000000000000000e+03,6.158000000000000000e+03,6.208000000000000000e+03,6.258000000000000000e+03,6.308000000000000000e+03,6.358000000000000000e+03,6.408000000000000000e+03,6.458000000000000000e+03,6.508000000000000000e+03,6.558000000000000000e+03,6.608000000000000000e+03,6.658000000000000000e+03,6.701600000000000364e+03,6.750000000000000000e+03,6.800000000000000000e+03,6.850000000000000000e+03,6.900000000000000000e+03,6.950000000000000000e+03,7.000000000000000000e+03,7.050000000000000000e+03,7.100000000000000000e+03,7.150000000000000000e+03,7.200000000000000000e+03,7.250000000000000000e+03,7.300000000000000000e+03,7.350000000000000000e+03,7.400000000000000000e+03,7.450000000000000000e+03,7.500000000000000000e+03,nan
7.110000000000000000e+02,7.580000000000000000e+02,7.270000000000000000e+02,4.903999999999999773e+02,1.348000000000000114e+02,1.340000000000000036e+01,1.694000000000000057e+02,6.052000000000000455e+02,1.239400000000000091e+03,1.921200000000000045e+03,2.198000000000000000e+03,2.014599999999999909e+03,1.539000000000000000e+03,1.091000000000000000e+03,1.023000000000000000e+03,1.291799999999999955e+03,1.707599999999999909e+03,1.933200000000000045e+03,1.925000000000000000e+03,1.807799999999999955e+03,1.775400000000000091e+03,2.077599999999999909e+03,2.659400000000000091e+03,2.828000000000000000e+03,2.705599999999999909e+03,2.356599999999999909e+03,2.284000000000000000e+03,2.593599999999999909e+03,3.130199999999999818e+03,3.278599999999999909e+03,3.076000000000000000e+03,2.996400000000000091e+03,3.317400000000000091e+03,3.935800000000000182e+03,4.232600000000000364e+03,4.292399999999999636e+03,4.170199999999999818e+03,3.834599999999999909e+03,3.743000000000000000e+03,3.731199999999999818e+03,3.727000000000000000e+03,3.725800000000000182e+03,3.721000000000000000e+03,3.731400000000000091e+03,3.770599999999999909e+03,3.821400000000000091e+03,3.904000000000000000e+03,4.032599999999999909e+03,4.042000000000000000e+03,4.042000000000000000e+03,4.065599999999999909e+03,4.320199999999999818e+03,4.693600000000000364e+03,5.012199999999999818e+03,5.248600000000000364e+03,5.322000000000000000e+03,5.327399999999999636e+03,5.160199999999999818e+03,4.658800000000000182e+03,4.336199999999999818e+03,4.254399999999999636e+03,4.325199999999999818e+03,4.560399999999999636e+03,4.621399999999999636e+03,4.411199999999999818e+03,4.295800000000000182e+03,4.618600000000000364e+03,5.518199999999999818e+03,5.620199999999999818e+03,5.573000000000000000e+03,5.411000000000000000e+03,4.968800000000000182e+03,4.778199999999999818e+03,4.920199999999999818e+03,5.325399999999999636e+03,5.446600000000000364e+03,5.505000000000000000e+03,5.672800000000000182e+03,6.026600000000000364e+03,6.215000000000000000e+03,6.375600000000000364e+03,6.366600000000000364e+03,6.087600000000000364e+03,5.660600000000000364e+03,5.638600000000000364e+03,6.012199999999999818e+03,6.304600000000000364e+03,6.319000000000000000e+03,6.319000000000000000e+03,6.264199999999999818e+03,5.957199999999999818e+03,5.816399999999999636e+03,6.207000000000000000e+03,6.762800000000000182e+03,6.851000000000000000e+03,6.777600000000000364e+03,6.654000000000000000e+03,6.930600000000000364e+03,6.844000000000000000e+03,6.881000000000000000e+03,7.497600000000000364e+03,7.228600000000000364e+03,6.802600000000000364e+03,6.937399999999999636e+03,7.420399999999999636e+03,7.641600000000000364e+03,7.735600000000000364e+03,7.592399999999999636e+03,7.398600000000000364e+03,7.544800000000000182e+03,8.102800000000000182e+03,8.628399999999999636e+03,8.804200000000000728e+03,8.815799999999999272e+03,8.543399999999999636e+03,8.098000000000000000e+03,8.107399999999999636e+03,8.346600000000000364e+03,8.493200000000000728e+03,8.425799999999999272e+03,8.101199999999999818e+03,7.534600000000000364e+03,7.636600000000000364e+03,8.777799999999999272e+03,9.302200000000000728e+03,9.284200000000000728e+03,3.712000000000000000e+03,0.000000000000000000e+00,0.000000000000000000e+00,0.000000000000000000e+00,0.000000000000000000e+00,0.000000000000000000e+00,0.000000000000000000e+00,0.000000000000000000e+00,0.000000000000000000e+00,0.000000000000000000e+00,0.000000000000000000e+00,0.000000000000000000e+00,0.000000000000000000e+00,0.000000000000000000e+00,0.000000000000000000e+00,nan,1.704599999999999909e+03,1.787400000000000091e+03,1.798400000000000091e+03,1.607799999999999955e+03,1.040799999999999955e+03,4.803999999999999773e+02,3.193999999999999773e+02,7.640000000000000000e+02,1.274000000000000000e+03,1.443200000000000045e+03,1.485000000000000000e+03,1.466000000000000000e+03,1.308400000000000091e+03,7.523999999999999773e+02,2.831999999999999886e+02,4.801999999999999886e+02,1.210400000000000091e+03,1.666599999999999909e+03,1.632799999999999955e+03,1.152000000000000000e+03,7.416000000000000227e+02,1.009799999999999955e+03,1.545599999999999909e+03,1.658400000000000091e+03,1.365000000000000000e+03,6.922000000000000455e+02,4.641999999999999886e+02,1.036599999999999909e+03,1.673200000000000045e+03,1.594200000000000045e+03,9.773999999999999773e+02,6.102000000000000455e+02,9.360000000000000000e+02,1.589799999999999955e+03,1.788400000000000091e+03,1.732599999999999909e+03,1.185200000000000045e+03,6.827999999999999545e+02,8.580000000000000000e+02,1.191799999999999955e+03,1.207000000000000000e+03,1.211000000000000000e+03,1.211000000000000000e+03,1.155400000000000091e+03,8.593999999999999773e+02,5.202000000000000455e+02,4.438000000000000114e+02,5.646000000000000227e+02,5.940000000000000000e+02,5.940000000000000000e+02,6.007999999999999545e+02,8.122000000000000455e+02,1.375200000000000045e+03,1.959599999999999909e+03,2.391599999999999909e+03,2.557800000000000182e+03,2.554000000000000000e+03,2.253199999999999818e+03,1.430400000000000091e+03,7.392000000000000455e+02,4.550000000000000000e+02,4.730000000000000000e+02,7.476000000000000227e+02,1.330000000000000000e+03,1.705599999999999909e+03,1.766400000000000091e+03,1.832000000000000000e+03,1.956200000000000045e+03,1.989000000000000000e+03,1.993400000000000091e+03,1.762599999999999909e+03,1.073000000000000000e+03,7.330000000000000000e+02,9.716000000000000227e+02,1.505200000000000045e+03,1.594000000000000000e+03,1.347200000000000045e+03,1.122200000000000045e+03,1.313200000000000045e+03,1.480599999999999909e+03,1.454200000000000045e+03,1.472000000000000000e+03,1.416200000000000045e+03,1.014600000000000023e+03,8.156000000000000227e+02,1.154599999999999909e+03,1.484200000000000045e+03,1.499000000000000000e+03,1.498000000000000000e+03,1.442200000000000045e+03,1.009600000000000023e+03,6.067999999999999545e+02,7.137999999999999545e+02,1.229200000000000045e+03,1.372000000000000000e+03,1.196400000000000091e+03,6.112000000000000455e+02,5.290000000000000000e+02,1.872799999999999955e+03,2.014200000000000045e+03,1.468200000000000045e+03,9.610000000000000000e+02,2.928000000000000114e+02,4.406000000000000227e+02,1.094200000000000045e+03,1.268799999999999955e+03,1.175200000000000045e+03,7.802000000000000455e+02,3.356000000000000227e+02,3.663999999999999773e+02,1.020600000000000023e+03,1.739799999999999955e+03,2.006599999999999909e+03,2.022400000000000091e+03,1.664799999999999955e+03,6.956000000000000227e+02,7.559999999999999432e+01,2.746000000000000227e+02,5.902000000000000455e+02,6.786000000000000227e+02,1.138599999999999909e+03,1.470599999999999909e+03,1.449799999999999955e+03,1.366000000000000000e+03,1.313400000000000091e+03,1.326000000000000000e+03,5.336000000000000227e+02,0.000000000000000000e+00,0.000000000000000000e+00,0.000000000000000000e+00,0.000000000000000000e+00,0.000000000000000000e+00,0.000000000000000000e+00,0.000000000000000000e+00,0.000000000000000000e+00,0.000000000000000000e+00,0.000000000000000000e+00,0.000000000000000000e+00,0.000000000000000000e+00,0.000000000000000000e+00,0.000000000000000000e+00,nan,2.000000000000000000e+01,7.000000000000000000e+01,1.200000000000000000e+02,1.700000000000000000e+02,2.200000000000000000e+02,2.700000000000000000e+02,3.200000000000000000e+02,3.700000000000000000e+02,4.181999999999999886e+02,4.610000000000000000e+02,5.110000000000000000e+02,5.610000000000000000e+02,6.110000000000000000e+02,6.610000000000000000e+02,7.110000000000000000e+02,7.610000000000000000e+02,8.110000000000000000e+02,8.610000000000000000e+02,9.110000000000000000e+02,9.610000000000000000e+02,1.003000000000000000e+03,1.051000000000000000e+03,1.101000000000000000e+03,1.151000000000000000e+03,1.201000000000000000e+03,1.251000000000000000e+03,1.301000000000000000e+03,1.351000000000000000e+03,1.401000000000000000e+03,1.451000000000000000e+03,1.501000000000000000e+03,1.551000000000000000e+03,1.601000000000000000e+03,1.651000000000000000e+03,1.701000000000000000e+03,1.751000000000000000e+03,1.801000000000000000e+03,1.851000000000000000e+03,1.901000000000000000e+03,1.951000000000000000e+03,2.001000000000000000e+03,2.051000000000000000e+03,2.101000000000000000e+03,2.151000000000000000e+03,2.201000000000000000e+03,2.251000000000000000e+03,2.301000000000000000e+03,2.351000000000000000e+03,2.401000000000000000e+03,2.451000000000000000e+03,2.501000000000000000e+03,2.551000000000000000e+03,2.601000000000000000e+03,2.651000000000000000e+03,2.701000000000000000e+03,2.751000000000000000e+03,2.801000000000000000e+03,2.851000000000000000e+03,2.901000000000000000e+03,2.951000000000000000e+03,3.001000000000000000e+03,3.051000000000000000e+03,3.101000000000000000e+03,3.151000000000000000e+03,3.201000000000000000e+03,3.251000000000000000e+03,3.301000000000000000e+03,3.351000000000000000e+03,3.401000000000000000e+03,3.451000000000000000e+03,3.501000000000000000e+03,3.551000000000000000e+03,3.601000000000000000e+03,3.651000000000000000e+03,3.701000000000000000e+03,3.751000000000000000e+03,3.801000000000000000e+03,3.851000000000000000e+03,3.901000000000000000e+03,3.951000000000000000e+03,3.998000000000000000e+03,4.036000000000000000e+03,4.086000000000000000e+03,4.136000000000000000e+03,4.186000000000000000e+03,4.236000000000000000e+03,4.286000000000000000e+03,4.336000000000000000e+03,4.386000000000000000e+03,4.436000000000000000e+03,4.486000000000000000e+03,4.536000000000000000e+03,4.586000000000000000e+03,4.636000000000000000e+03,4.686000000000000000e+03,4.736000000000000000e+03,4.786000000000000000e+03,4.836000000000000000e+03,4.950800000000000182e+03,5.087199999999999818e+03,5.418000000000000000e+03,5.468000000000000000e+03,5.518000000000000000e+03,5.568000000000000000e+03,5.618000000000000000e+03,5.668000000000000000e+03,5.718000000000000000e+03,5.768000000000000000e+03,5.818000000000000000e+03,5.868000000000000000e+03,5.918000000000000000e+03,5.968000000000000000e+03,6.018000000000000000e+03,6.068000000000000000e+03,6.118000000000000000e+03,6.168000000000000000e+03,6.218000000000000000e+03,6.268000000000000000e+03,6.318000000000000000e+03,6.368000000000000000e+03,6.418000000000000000e+03,6.468000000000000000e+03,6.518000000000000000e+03,6.568000000000000000e+03,6.618000000000000000e+03,6.668000000000000000e+03,6.712000000000000000e+03,6.758000000000000000e+03,6.808000000000000000e+03,6.858000000000000000e+03,6.908000000000000000e+03,6.958000000000000000e+03,7.008000000000000000e+03,7.058000000000000000e+03,7.108000000000000000e+03,7.158000000000000000e+03,7.208000000000000000e+03,7.258000000000000000e+03,7.308000000000000000e+03,7.358000000000000000e+03,7.408000000000000000e+03,nan
8.400000000000000000e+02,8.053999999999999773e+02,6.643999999999999773e+02,3.283999999999999773e+02,6.479999999999999716e+01,5.900000000000000000e+01,2.971999999999999886e+02,5.497999999999999545e+02,7.790000000000000000e+02,1.083200000000000045e+03,1.521200000000000045e+03,1.979599999999999909e+03,2.093599999999999909e+03,1.969000000000000000e+03,1.512799999999999955e+03,1.074200000000000045e+03,1.045200000000000045e+03,1.299200000000000045e+03,1.575799999999999955e+03,1.648000000000000000e+03,1.626000000000000000e+03,1.791000000000000000e+03,2.192199999999999818e+03,2.674400000000000091e+03,2.744000000000000000e+03,2.407800000000000182e+03,2.150599999999999909e+03,2.291800000000000182e+03,2.799400000000000091e+03,3.070800000000000182e+03,3.124199999999999818e+03,3.004599999999999909e+03,3.113400000000000091e+03,3.572199999999999818e+03,4.058800000000000182e+03,4.268199999999999818e+03,4.104000000000000000e+03,3.874599999999999909e+03,3.756000000000000000e+03,3.721000000000000000e+03,3.720000000000000000e+03,3.753800000000000182e+03,3.948199999999999818e+03,4.199600000000000364e+03,4.546000000000000000e+03,4.917199999999999818e+03,5.124399999999999636e+03,5.247000000000000000e+03,5.276000000000000000e+03,5.179199999999999818e+03,4.783399999999999636e+03,4.526199999999999818e+03,4.663800000000000182e+03,4.911600000000000364e+03,4.833000000000000000e+03,4.452600000000000364e+03,4.387800000000000182e+03,4.851800000000000182e+03,5.484399999999999636e+03,5.477199999999999818e+03,5.445000000000000000e+03,5.445000000000000000e+03,5.450000000000000000e+03,5.445000000000000000e+03,5.231199999999999818e+03,5.067800000000000182e+03,5.152199999999999818e+03,5.467399999999999636e+03,5.589000000000000000e+03,5.623199999999999818e+03,5.743000000000000000e+03,5.951800000000000182e+03,6.297199999999999818e+03,6.542399999999999636e+03,6.461199999999999818e+03,6.046199999999999818e+03,5.615399999999999636e+03,5.717199999999999818e+03,6.204199999999999818e+03,6.494399999999999636e+03,6.516000000000000000e+03,6.522600000000000364e+03,6.525000000000000000e+03,6.504399999999999636e+03,6.448800000000000182e+03,6.205800000000000182e+03,6.107199999999999818e+03,6.491000000000000000e+03,7.072399999999999636e+03,7.248199999999999818e+03,7.193199999999999818e+03,6.981800000000000182e+03,7.135199999999999818e+03,7.172800000000000182e+03,6.842600000000000364e+03,7.409000000000000000e+03,7.806199999999999818e+03,7.806199999999999818e+03,7.570199999999999818e+03,7.282600000000000364e+03,7.406800000000000182e+03,7.955399999999999636e+03,8.198200000000000728e+03,8.057800000000000182e+03,7.827800000000000182e+03,8.023199999999999818e+03,8.489000000000000000e+03,8.845399999999999636e+03,8.951799999999999272e+03,8.969000000000000000e+03,8.894200000000000728e+03,8.518600000000000364e+03,8.376399999999999636e+03,8.524200000000000728e+03,8.678399999999999636e+03,8.358000000000000000e+03,7.989399999999999636e+03,8.251799999999999272e+03,9.292799999999999272e+03,9.480200000000000728e+03,9.444399999999999636e+03,0.000000000000000000e+00,0.000000000000000000e+00,0.000000000000000000e+00,0.000000000000000000e+00,0.000000000000000000e+00,0.000000000000000000e+00,0.000000000000000000e+00,0.000000000000000000e+00,0.000000000000000000e+00,0.000000000000000000e+00,0.000000000000000000e+00,0.000000000000000000e+00,0.000000000000000000e+00,0.000000000000000000e+00,0.000000000000000000e+00,0.000000000000000000e+00,0.000000000000000000e+00,0.000000000000000000e+00,0.000000000000000000e+00,0.000000000000000000e+00,nan,1.794400000000000091e+03,1.837599999999999909e+03,1.799799999999999955e+03,1.479200000000000045e+03,8.480000000000000000e+02,2.481999999999999886e+02,1.400000000000000000e+01,2.140000000000000000e+02,5.710000000000000000e+02,9.850000000000000000e+02,1.349400000000000091e+03,1.607799999999999955e+03,1.626000000000000000e+03,1.606400000000000091e+03,1.288599999999999909e+03,5.250000000000000000e+02,9.459999999999999432e+01,3.958000000000000114e+02,1.240200000000000045e+03,1.546400000000000091e+03,1.059400000000000091e+03,5.670000000000000000e+02,7.666000000000000227e+02,1.271200000000000045e+03,1.310200000000000045e+03,6.500000000000000000e+02,6.979999999999999716e+01,3.231999999999999886e+02,1.113400000000000091e+03,1.263400000000000091e+03,8.716000000000000227e+02,2.544000000000000057e+02,9.159999999999999432e+01,7.247999999999999545e+02,1.244000000000000000e+03,1.282799999999999955e+03,7.232000000000000455e+02,3.410000000000000000e+02,4.503999999999999773e+02,6.483999999999999773e+02,6.510000000000000000e+02,5.832000000000000455e+02,2.320000000000000000e+02,6.320000000000000284e+01,3.821999999999999886e+02,1.261000000000000000e+03,1.948599999999999909e+03,2.242400000000000091e+03,2.283800000000000182e+03,2.027799999999999955e+03,1.131799999999999955e+03,2.656000000000000227e+02,1.714000000000000057e+02,6.937999999999999545e+02,1.298400000000000091e+03,1.619799999999999955e+03,1.643000000000000000e+03,1.630000000000000000e+03,1.629000000000000000e+03,1.629400000000000091e+03,1.633000000000000000e+03,1.633000000000000000e+03,1.617200000000000045e+03,1.556000000000000000e+03,9.363999999999999773e+02,4.288000000000000114e+02,5.876000000000000227e+02,1.248799999999999955e+03,1.537599999999999909e+03,1.429799999999999955e+03,1.172599999999999909e+03,1.149200000000000045e+03,1.359599999999999909e+03,1.384200000000000045e+03,1.411000000000000000e+03,1.254000000000000000e+03,6.520000000000000000e+02,5.433999999999999773e+02,1.034799999999999955e+03,1.397799999999999955e+03,1.438000000000000000e+03,1.435200000000000045e+03,1.431000000000000000e+03,1.425000000000000000e+03,1.354400000000000091e+03,9.027999999999999545e+02,5.166000000000000227e+02,6.373999999999999773e+02,1.148799999999999955e+03,1.353599999999999909e+03,1.266000000000000000e+03,7.436000000000000227e+02,5.656000000000000227e+02,1.180000000000000000e+03,1.804200000000000045e+03,1.390000000000000000e+03,1.108000000000000000e+03,1.091599999999999909e+03,7.080000000000000000e+02,3.061999999999999886e+02,4.513999999999999773e+02,1.020000000000000000e+03,1.136799999999999955e+03,7.670000000000000000e+02,2.091999999999999886e+02,1.540000000000000000e+02,7.327999999999999545e+02,1.412599999999999909e+03,1.773799999999999955e+03,1.880599999999999909e+03,1.665799999999999955e+03,9.297999999999999545e+02,2.548000000000000114e+02,2.218000000000000114e+02,6.736000000000000227e+02,1.106400000000000091e+03,1.313400000000000091e+03,1.304599999999999909e+03,1.238400000000000091e+03,1.249000000000000000e+03,1.276400000000000091e+03,0.000000000000000000e+00,0.000000000000000000e+00,0.000000000000000000e+00,0.000000000000000000e+00,0.000000000000000000e+00,0.000000000000000000e+00,0.000000000000000000e+00,0.000000000000000000e+00,0.000000000000000000e+00,0.000000000000000000e+00,0.000000000000000000e+00,0.000000000000000000e+00,0.000000000000000000e+00,0.000000000000000000e+00,0.000000000000000000e+00,0.000000000000000000e+00,0.000000000000000000e+00,0.000000000000000000e+00,0.000000000000000000e+00,0.000000000000000000e+00,nan,2.000000000000000000e+01,7.000000000000000000e+01,1.200000000000000000e+02,1.700000000000000000e+02,2.200000000000000000e+02,2.700000000000000000e+02,3.200000000000000000e+02,3.700000000000000000e+02,4.200000000000000000e+02,4.700000000000000000e+02,5.200000000000000000e+02,5.700000000000000000e+02,6.200000000000000000e+02,6.700000000000000000e+02,7.200000000000000000e+02,7.700000000000000000e+02,8.200000000000000000e+02,8.700000000000000000e+02,9.200000000000000000e+02,9.700000000000000000e+02,1.020000000000000000e+03,1.070000000000000000e+03,1.116799999999999955e+03,1.162000000000000000e+03,1.212000000000000000e+03,1.262000000000000000e+03,1.312000000000000000e+03,1.362000000000000000e+03,1.412000000000000000e+03,1.462000000000000000e+03,1.512000000000000000e+03,1.562000000000000000e+03,1.612000000000000000e+03,1.662000000000000000e+03,1.712000000000000000e+03,1.762000000000000000e+03,1.812000000000000000e+03,1.862000000000000000e+03,1.912000000000000000e+03,1.962000000000000000e+03,2.012000000000000000e+03,2.062000000000000000e+03,2.112000000000000000e+03,2.162000000000000000e+03,2.212000000000000000e+03,2.262000000000000000e+03,2.312000000000000000e+03,2.362000000000000000e+03,2.412000000000000000e+03,2.462000000000000000e+03,2.512000000000000000e+03,2.562000000000000000e+03,2.612000000000000000e+03,2.662000000000000000e+03,2.712000000000000000e+03,2.762000000000000000e+03,2.812000000000000000e+03,2.862000000000000000e+03,2.912000000000000000e+03,2.962000000000000000e+03,3.012000000000000000e+03,3.062000000000000000e+03,3.112000000000000000e+03,3.162000000000000000e+03,3.212000000000000000e+03,3.262000000000000000e+03,3.312000000000000000e+03,3.362000000000000000e+03,3.412000000000000000e+03,3.462000000000000000e+03,3.512000000000000000e+03,3.562000000000000000e+03,3.612000000000000000e+03,3.662000000000000000e+03,3.712000000000000000e+03,3.762000000000000000e+03,3.812000000000000000e+03,3.862000000000000000e+03,3.912000000000000000e+03,3.962000000000000000e+03,4.012000000000000000e+03,4.062000000000000000e+03,4.112000000000000000e+03,4.162000000000000000e+03,4.212000000000000000e+03,4.262000000000000000e+03,4.312000000000000000e+03,4.362000000000000000e+03,4.412000000000000000e+03,4.462000000000000000e+03,4.512000000000000000e+03,4.562000000000000000e+03,4.612000000000000000e+03,4.688000000000000000e+03,4.777000000000000000e+03,4.989000000000000000e+03,5.147000000000000000e+03,5.197000000000000000e+03,5.247000000000000000e+03,5.297000000000000000e+03,5.347000000000000000e+03,5.397000000000000000e+03,5.447000000000000000e+03,5.497000000000000000e+03,5.547000000000000000e+03,5.597000000000000000e+03,5.647000000000000000e+03,5.697000000000000000e+03,5.747000000000000000e+03,5.797000000000000000e+03,5.847000000000000000e+03,5.897000000000000000e+03,5.947000000000000000e+03,5.997000000000000000e+03,6.047000000000000000e+03,6.097000000000000000e+03,6.147000000000000000e+03,6.197000000000000000e+03,6.247000000000000000e+03,6.297000000000000000e+03,6.347000000000000000e+03,6.387000000000000000e+03,6.437000000000000000e+03,6.487000000000000000e+03,6.537000000000000000e+03,6.587000000000000000e+03,6.637000000000000000e+03,6.687000000000000000e+03,6.737000000000000000e+03,6.787000000000000000e+03,6.837000000000000000e+03,6.887000000000000000e+03,6.937000000000000000e+03,6.987000000000000000e+03,7.037000000000000000e+03,7.087000000000000000e+03,7.137000000000000000e+03,7.187000000000000000e+03,7.237000000000000000e+03,7.287000000000000000e+03,7.337000000000000000e+03,nan
1.020000000000000000e+03,1.017200000000000045e+03,1.007000000000000000e+03,9.937999999999999545e+02,9.407999999999999545e+02,8.016000000000000227e+02,6.503999999999999773e+02,3.763999999999999773e+02,7.800000000000000000e+01,8.240000000000000568e+01,3.450000000000000000e+02,6.963999999999999773e+02,1.072400000000000091e+03,1.379200000000000045e+03,1.711799999999999955e+03,1.660799999999999955e+03,1.220799999999999955e+03,8.306000000000000227e+02,8.867999999999999545e+02,1.101400000000000091e+03,1.231000000000000000e+03,1.193400000000000091e+03,1.194400000000000091e+03,1.374400000000000091e+03,1.695799999999999955e+03,2.145000000000000000e+03,2.304599999999999909e+03,2.300000000000000000e+03,2.116000000000000000e+03,1.975000000000000000e+03,2.021000000000000000e+03,2.369400000000000091e+03,2.681599999999999909e+03,2.824199999999999818e+03,2.678400000000000091e+03,2.672199999999999818e+03,2.875000000000000000e+03,3.384400000000000091e+03,3.740000000000000000e+03,3.825800000000000182e+03,3.718800000000000182e+03,3.491000000000000000e+03,3.337599999999999909e+03,3.253400000000000091e+03,3.253199999999999818e+03,3.382199999999999818e+03,3.621400000000000091e+03,3.964199999999999818e+03,4.270199999999999818e+03,4.495399999999999636e+03,4.540199999999999818e+03,4.455199999999999818e+03,4.143000000000000000e+03,4.005800000000000182e+03,4.161399999999999636e+03,4.464600000000000364e+03,4.685399999999999636e+03,4.692000000000000000e+03,4.692000000000000000e+03,4.692000000000000000e+03,4.692000000000000000e+03,4.686399999999999636e+03,4.508800000000000182e+03,4.030800000000000182e+03,3.876400000000000091e+03,4.002199999999999818e+03,4.699800000000000182e+03,5.043199999999999818e+03,5.084800000000000182e+03,5.053600000000000364e+03,4.785800000000000182e+03,4.626800000000000182e+03,4.752600000000000364e+03,5.118399999999999636e+03,5.333800000000000182e+03,5.363199999999999818e+03,5.437000000000000000e+03,5.758000000000000000e+03,6.101399999999999636e+03,6.295199999999999818e+03,6.146199999999999818e+03,5.661800000000000182e+03,5.314399999999999636e+03,5.617600000000000364e+03,6.111000000000000000e+03,6.240000000000000000e+03,6.241199999999999818e+03,6.238600000000000364e+03,5.985199999999999818e+03,5.614600000000000364e+03,5.913399999999999636e+03,6.582399999999999636e+03,6.876800000000000182e+03,6.756000000000000000e+03,6.668600000000000364e+03,6.987000000000000000e+03,6.510199999999999818e+03,6.472199999999999818e+03,7.220000000000000000e+03,7.336399999999999636e+03,7.040199999999999818e+03,6.910000000000000000e+03,7.250000000000000000e+03,7.803000000000000000e+03,7.804600000000000364e+03,7.561600000000000364e+03,7.605800000000000182e+03,7.983000000000000000e+03,8.376600000000000364e+03,8.470200000000000728e+03,8.484399999999999636e+03,8.488000000000000000e+03,8.471200000000000728e+03,8.223799999999999272e+03,7.877800000000000182e+03,7.990600000000000364e+03,8.375399999999999636e+03,8.474000000000000000e+03,8.097000000000000000e+03,7.862800000000000182e+03,7.789199999999999818e+03,7.996600000000000364e+03,8.956399999999999636e+03,9.302200000000000728e+03,9.252000000000000000e+03,7.361800000000000182e+03,0.000000000000000000e+00,0.000000000000000000e+00,0.000000000000000000e+00,0.000000000000000000e+00,0.000000000000000000e+00,0.000000000000000000e+00,0.000000000000000000e+00,0.000000000000000000e+00,0.000000000000000000e+00,0.000000000000000000e+00,0.000000000000000000e+00,0.000000000000000000e+00,0.000000000000000000e+00,0.000000000000000000e+00,0.000000000000000000e+00,nan,1.827799999999999955e+03,1.868000000000000000e+03,1.884200000000000045e+03,1.895200000000000045e+03,1.905000000000000000e+03,1.889400000000000091e+03,1.808599999999999909e+03,1.457400000000000091e+03,8.833999999999999773e+02,3.366000000000000227e+02,1.548000000000000114e+02,4.376000000000000227e+02,1.053599999999999909e+03,1.419599999999999909e+03,1.598200000000000045e+03,1.549200000000000045e+03,1.276400000000000091e+03,5.647999999999999545e+02,4.839999999999999858e+01,2.320000000000000000e+02,9.796000000000000227e+02,1.444400000000000091e+03,1.403799999999999955e+03,9.987999999999999545e+02,9.967999999999999545e+02,1.513400000000000091e+03,1.717200000000000045e+03,1.669000000000000000e+03,1.076200000000000045e+03,5.713999999999999773e+02,6.866000000000000227e+02,1.443799999999999955e+03,1.751799999999999955e+03,1.452799999999999955e+03,8.233999999999999773e+02,6.000000000000000000e+02,9.282000000000000455e+02,1.660599999999999909e+03,1.977599999999999909e+03,1.938400000000000091e+03,1.420000000000000000e+03,8.423999999999999773e+02,7.812000000000000455e+02,1.059400000000000091e+03,1.043000000000000000e+03,7.327999999999999545e+02,5.752000000000000455e+02,1.030200000000000045e+03,1.950599999999999909e+03,2.683400000000000091e+03,2.826599999999999909e+03,2.585800000000000182e+03,1.733799999999999955e+03,9.040000000000000000e+02,8.277999999999999545e+02,1.301200000000000045e+03,1.666799999999999955e+03,1.693599999999999909e+03,1.700000000000000000e+03,1.700000000000000000e+03,1.705000000000000000e+03,1.711200000000000045e+03,1.809200000000000045e+03,1.897000000000000000e+03,1.922599999999999909e+03,1.927000000000000000e+03,1.998599999999999909e+03,2.031799999999999955e+03,2.040000000000000000e+03,1.938200000000000045e+03,1.299200000000000045e+03,9.126000000000000227e+02,1.090200000000000045e+03,1.705400000000000091e+03,1.944200000000000045e+03,1.871200000000000045e+03,1.513400000000000091e+03,1.471000000000000000e+03,1.716599999999999909e+03,1.808000000000000000e+03,1.818000000000000000e+03,1.545200000000000045e+03,9.690000000000000000e+02,1.082400000000000091e+03,1.642799999999999955e+03,1.854599999999999909e+03,1.857000000000000000e+03,1.839599999999999909e+03,1.453799999999999955e+03,8.147999999999999545e+02,8.513999999999999773e+02,1.531799999999999955e+03,1.869799999999999955e+03,1.634000000000000000e+03,1.016000000000000000e+03,1.020799999999999955e+03,2.153599999999999909e+03,2.356000000000000000e+03,1.674400000000000091e+03,1.409599999999999909e+03,8.193999999999999773e+02,5.612000000000000455e+02,1.010799999999999955e+03,1.592400000000000091e+03,1.470400000000000091e+03,8.467999999999999545e+02,6.383999999999999773e+02,1.116799999999999955e+03,1.911599999999999909e+03,2.212599999999999909e+03,2.234400000000000091e+03,2.238000000000000000e+03,2.207599999999999909e+03,1.751799999999999955e+03,8.612000000000000455e+02,3.786000000000000227e+02,5.103999999999999773e+02,9.283999999999999773e+02,1.253799999999999955e+03,1.540000000000000000e+03,1.672400000000000091e+03,1.683200000000000045e+03,1.734799999999999955e+03,1.809799999999999955e+03,1.825599999999999909e+03,1.475799999999999955e+03,0.000000000000000000e+00,0.000000000000000000e+00,0.000000000000000000e+00,0.000000000000000000e+00,0.000000000000000000e+00,0.000000000000000000e+00,0.000000000000000000e+00,0.000000000000000000e+00,0.000000000000000000e+00,0.000000000000000000e+00,0.000000000000000000e+00,0.000000000000000000e+00,0.000000000000000000e+00,0.000000000000000000e+00,0.000000000000000000e+00,nan,2.000000000000000000e+01,7.000000000000000000e+01,1.200000000000000000e+02,1.700000000000000000e+02,2.200000000000000000e+02,2.700000000000000000e+02,3.200000000000000000e+02,3.700000000000000000e+02,4.200000000000000000e+02,4.700000000000000000e+02,5.200000000000000000e+02,5.700000000000000000e+02,6.200000000000000000e+02,6.700000000000000000e+02,7.200000000000000000e+02,7.700000000000000000e+02,8.200000000000000000e+02,8.700000000000000000e+02,9.200000000000000000e+02,9.700000000000000000e+02,1.020000000000000000e+03,1.070000000000000000e+03,1.120000000000000000e+03,1.170000000000000000e+03,1.220000000000000000e+03,1.270000000000000000e+03,1.320000000000000000e+03,1.370000000000000000e+03,1.420000000000000000e+03,1.470000000000000000e+03,1.520000000000000000e+03,1.570000000000000000e+03,1.620000000000000000e+03,1.670000000000000000e+03,1.720000000000000000e+03,1.770000000000000000e+03,1.820000000000000000e+03,1.870000000000000000e+03,1.920000000000000000e+03,1.970000000000000000e+03,2.020000000000000000e+03,2.070000000000000000e+03,2.120000000000000000e+03,2.170000000000000000e+03,2.220000000000000000e+03,2.270000000000000000e+03,2.320000000000000000e+03,2.370000000000000000e+03,2.420000000000000000e+03,2.470000000000000000e+03,2.520000000000000000e+03,2.570000000000000000e+03,2.620000000000000000e+03,2.670000000000000000e+03,2.720000000000000000e+03,2.770000000000000000e+03,2.820000000000000000e+03,2.870000000000000000e+03,2.920000000000000000e+03,2.970000000000000000e+03,3.020000000000000000e+03,3.070000000000000000e+03,3.120000000000000000e+03,3.170000000000000000e+03,3.220000000000000000e+03,3.270000000000000000e+03,3.320000000000000000e+03,3.370000000000000000e+03,3.420000000000000000e+03,3.470000000000000000e+03,3.520000000000000000e+03,3.570000000000000000e+03,3.620000000000000000e+03,3.670000000000000000e+03,3.720000000000000000e+03,3.770000000000000000e+03,3.820000000000000000e+03,3.870000000000000000e+03,3.920000000000000000e+03,3.970000000000000000e+03,4.020000000000000000e+03,4.063000000000000000e+03,4.085000000000000000e+03,4.135000000000000000e+03,4.185000000000000000e+03,4.235000000000000000e+03,4.285000000000000000e+03,4.335000000000000000e+03,4.385000000000000000e+03,4.435000000000000000e+03,4.481399999999999636e+03,4.526000000000000000e+03,4.576000000000000000e+03,4.626000000000000000e+03,4.676000000000000000e+03,4.726000000000000000e+03,4.856800000000000182e+03,4.927000000000000000e+03,5.265000000000000000e+03,5.387000000000000000e+03,5.437000000000000000e+03,5.487000000000000000e+03,5.537000000000000000e+03,5.587000000000000000e+03,5.637000000000000000e+03,5.687000000000000000e+03,5.737000000000000000e+03,5.787000000000000000e+03,5.837000000000000000e+03,5.887000000000000000e+03,5.937000000000000000e+03,5.987000000000000000e+03,6.037000000000000000e+03,6.087000000000000000e+03,6.137000000000000000e+03,6.187000000000000000e+03,6.237000000000000000e+03,6.287000000000000000e+03,6.337000000000000000e+03,6.387000000000000000e+03,6.437000000000000000e+03,6.487000000000000000e+03,6.537000000000000000e+03,6.587000000000000000e+03,6.637000000000000000e+03,6.685000000000000000e+03,6.727000000000000000e+03,6.777000000000000000e+03,6.827000000000000000e+03,6.877000000000000000e+03,6.927000000000000000e+03,6.977000000000000000e+03,7.027000000000000000e+03,7.077000000000000000e+03,7.127000000000000000e+03,7.177000000000000000e+03,7.227000000000000000e+03,7.277000000000000000e+03,7.327000000000000000e+03,7.377000000000000000e+03,7.427000000000000000e+03,nan
8.240000000000000000e+02,7.476000000000000227e+02,3.668000000000000114e+02,5.160000000000000142e+01,1.704000000000000057e+02,8.273999999999999773e+02,1.207799999999999955e+03,1.187599999999999909e+03,1.138799999999999955e+03,9.357999999999999545e+02,8.413999999999999773e+02,1.198599999999999909e+03,1.583200000000000045e+03,1.460799999999999955e+03,1.210799999999999955e+03,1.476200000000000045e+03,2.024400000000000091e+03,2.247800000000000182e+03,2.175400000000000091e+03,2.219400000000000091e+03,2.500800000000000182e+03,2.656199999999999818e+03,2.593000000000000000e+03,2.716000000000000000e+03,3.326199999999999818e+03,3.715000000000000000e+03,3.543199999999999818e+03,3.568199999999999818e+03,3.636000000000000000e+03,3.452199999999999818e+03,3.590400000000000091e+03,4.062000000000000000e+03,4.364600000000000364e+03,4.291600000000000364e+03,4.068599999999999909e+03,4.078000000000000000e+03,4.346399999999999636e+03,4.219000000000000000e+03,3.780400000000000091e+03,3.770400000000000091e+03,4.338800000000000182e+03,4.864600000000000364e+03,4.884399999999999636e+03,4.788800000000000182e+03,4.835199999999999818e+03,5.162000000000000000e+03,5.876800000000000182e+03,5.881000000000000000e+03,5.634800000000000182e+03,5.512399999999999636e+03,5.809399999999999636e+03,6.008600000000000364e+03,5.926199999999999818e+03,6.119399999999999636e+03,6.647000000000000000e+03,6.814199999999999818e+03,6.709600000000000364e+03,6.666600000000000364e+03,6.690800000000000182e+03,6.754000000000000000e+03,6.905399999999999636e+03,7.264000000000000000e+03,7.168199999999999818e+03,7.087199999999999818e+03,7.387199999999999818e+03,7.649000000000000000e+03,7.575800000000000182e+03,7.742800000000000182e+03,8.307000000000000000e+03,8.600399999999999636e+03,8.569200000000000728e+03,8.347600000000000364e+03,8.142199999999999818e+03,8.479799999999999272e+03,8.924000000000000000e+03,8.839399999999999636e+03,8.095800000000000182e+03,7.779399999999999636e+03,8.184000000000000000e+03,1.745000000000000000e+03,0.000000000000000000e+00,0.000000000000000000e+00,0.000000000000000000e+00,0.000000000000000000e+00,0.000000000000000000e+00,0.000000000000000000e+00,0.000000000000000000e+00,0.000000000000000000e+00,0.000000000000000000e+00,0.000000000000000000e+00,0.000000000000000000e+00,0.000000000000000000e+00,0.000000000000000000e+00,0.000000000000000000e+00,0.000000000000000000e+00,0.000000000000000000e+00,0.000000000000000000e+00,0.000000000000000000e+00,0.000000000000000000e+00,0.000000000000000000e+00,0.000000000000000000e+00,0.000000000000000000e+00,0.000000000000000000e+00,0.000000000000000000e+00,0.000000000000000000e+00,0.000000000000000000e+00,0.000000000000000000e+00,0.000000000000000000e+00,0.000000000000000000e+00,0.000000000000000000e+00,0.000000000000000000e+00,0.000000000000000000e+00,0.000000000000000000e+00,0.000000000000000000e+00,0.000000000000000000e+00,0.000000000000000000e+00,0.000000000000000000e+00,0.000000000000000000e+00,0.000000000000000000e+00,0.000000000000000000e+00,0.000000000000000000e+00,0.000000000000000000e+00,0.000000000000000000e+00,0.000000000000000000e+00,0.000000000000000000e+00,0.000000000000000000e+00,0.000000000000000000e+00,0.000000000000000000e+00,0.000000000000000000e+00,0.000000000000000000e+00,0.000000000000000000e+00,0.000000000000000000e+00,0.000000000000000000e+00,0.000000000000000000e+00,0.000000000000000000e+00,0.000000000000000000e+00,0.000000000000000000e+00,0.000000000000000000e+00,0.000000000000000000e+00,0.000000000000000000e+00,0.000000000000000000e+00,nan,1.217599999999999909e+03,1.386599999999999909e+03,1.273200000000000045e+03,6.872000000000000455e+02,1.110000000000000000e+02,1.548000000000000114e+02,3.271999999999999886e+02,2.816000000000000227e+02,2.194000000000000057e+02,3.220000000000000000e+02,6.067999999999999545e+02,8.472000000000000455e+02,7.370000000000000000e+02,3.511999999999999886e+02,2.328000000000000114e+02,4.308000000000000114e+02,6.466000000000000227e+02,5.346000000000000227e+02,2.733999999999999773e+02,3.448000000000000114e+02,6.792000000000000455e+02,6.406000000000000227e+02,2.863999999999999773e+02,1.860000000000000000e+02,5.772000000000000455e+02,8.736000000000000227e+02,6.536000000000000227e+02,3.886000000000000227e+02,1.925999999999999943e+02,1.798000000000000114e+02,4.961999999999999886e+02,1.005000000000000000e+03,1.260200000000000045e+03,1.107400000000000091e+03,4.223999999999999773e+02,3.200000000000000000e+01,3.301999999999999886e+02,7.276000000000000227e+02,8.832000000000000455e+02,8.876000000000000227e+02,9.672000000000000455e+02,9.716000000000000227e+02,7.623999999999999773e+02,3.581999999999999886e+02,4.306000000000000227e+02,8.482000000000000455e+02,9.496000000000000227e+02,9.830000000000000000e+02,7.383999999999999773e+02,3.611999999999999886e+02,5.616000000000000227e+02,8.706000000000000227e+02,6.243999999999999773e+02,4.228000000000000114e+02,6.843999999999999773e+02,8.302000000000000455e+02,5.312000000000000455e+02,4.030000000000000000e+02,8.593999999999999773e+02,1.291200000000000045e+03,1.182200000000000045e+03,9.620000000000000000e+02,6.550000000000000000e+02,4.308000000000000114e+02,7.557999999999999545e+02,9.103999999999999773e+02,4.998000000000000114e+02,3.056000000000000227e+02,8.122000000000000455e+02,1.318400000000000091e+03,1.360000000000000000e+03,8.796000000000000227e+02,2.048000000000000114e+02,9.359999999999999432e+01,6.060000000000000000e+02,1.107400000000000091e+03,1.129599999999999909e+03,1.156200000000000045e+03,1.213400000000000091e+03,2.491999999999999886e+02,0.000000000000000000e+00,0.000000000000000000e+00,0.000000000000000000e+00,0.000000000000000000e+00,0.000000000000000000e+00,0.000000000000000000e+00,0.000000000000000000e+00,0.000000000000000000e+00,0.000000000000000000e+00,0.000000000000000000e+00,0.000000000000000000e+00,0.000000000000000000e+00,0.000000000000000000e+00,0.000000000000000000e+00,0.000000000000000000e+00,0.000000000000000000e+00,0.000000000000000000e+00,0.000000000000000000e+00,0.000000000000000000e+00,0.000000000000000000e+00,0.000000000000000000e+00,0.000000000000000000e+00,0.000000000000000000e+00,0.000000000000000000e+00,0.000000000000000000e+00,0.000000000000000000e+00,0.000000000000000000e+00,0.000000000000000000e+00,0.000000000000000000e+00,0.000000000000000000e+00,0.000000000000000000e+00,0.000000000000000000e+00,0.000000000000000000e+00,0.000000000000000000e+00,0.000000000000000000e+00,0.000000000000000000e+00,0.000000000000000000e+00,0.000000000000000000e+00,0.000000000000000000e+00,0.000000000000000000e+00,0.000000000000000000e+00,0.000000000000000000e+00,0.000000000000000000e+00,0.000000000000000000e+00,0.000000000000000000e+00,0.000000000000000000e+00,0.000000000000000000e+00,0.000000000000000000e+00,0.000000000000000000e+00,0.000000000000000000e+00,0.000000000000000000e+00,0.000000000000000000e+00,0.000000000000000000e+00,0.000000000000000000e+00,0.000000000000000000e+00,0.000000000000000000e+00,0.000000000000000000e+00,0.000000000000000000e+00,0.000000000000000000e+00,0.000000000000000000e+00,0.000000000000000000e+00,nan,2.000000000000000000e+01,7.000000000000000000e+01,1.200000000000000000e+02,1.700000000000000000e+02,2.200000000000000000e+02,2.700000000000000000e+02,3.200000000000000000e+02,3.700000000000000000e+02,4.200000000000000000e+02,4.700000000000000000e+02,5.200000000000000000e+02,5.700000000000000000e+02,6.200000000000000000e+02,6.700000000000000000e+02,7.200000000000000000e+02,7.610000000000000000e+02,8.110000000000000000e+02,8.610000000000000000e+02,9.110000000000000000e+02,9.610000000000000000e+02,1.011000000000000000e+03,1.061000000000000000e+03,1.111000000000000000e+03,1.161000000000000000e+03,1.211000000000000000e+03,1.261000000000000000e+03,1.311000000000000000e+03,1.361000000000000000e+03,1.411000000000000000e+03,1.461000000000000000e+03,1.511000000000000000e+03,1.561000000000000000e+03,1.611000000000000000e+03,1.661000000000000000e+03,1.711000000000000000e+03,1.761000000000000000e+03,1.811000000000000000e+03,1.861000000000000000e+03,1.911000000000000000e+03,1.961000000000000000e+03,2.011000000000000000e+03,2.206599999999999909e+03,2.293000000000000000e+03,2.343000000000000000e+03,2.393000000000000000e+03,2.443000000000000000e+03,2.565800000000000182e+03,2.634000000000000000e+03,2.684000000000000000e+03,2.734000000000000000e+03,2.784000000000000000e+03,2.834000000000000000e+03,2.884000000000000000e+03,2.934000000000000000e+03,2.984000000000000000e+03,3.034000000000000000e+03,3.084000000000000000e+03,3.134000000000000000e+03,3.184000000000000000e+03,3.234000000000000000e+03,3.304199999999999818e+03,3.435000000000000000e+03,3.485000000000000000e+03,3.535000000000000000e+03,3.585000000000000000e+03,3.635000000000000000e+03,3.685000000000000000e+03,3.735000000000000000e+03,3.785000000000000000e+03,3.835000000000000000e+03,3.885000000000000000e+03,3.935000000000000000e+03,3.985800000000000182e+03,4.036000000000000000e+03,4.086000000000000000e+03,4.136000000000000000e+03,4.186000000000000000e+03,4.236000000000000000e+03,4.286000000000000000e+03,4.328000000000000000e+03,4.376000000000000000e+03,4.426000000000000000e+03,4.476000000000000000e+03,4.526000000000000000e+03,4.576000000000000000e+03,4.626000000000000000e+03,4.676000000000000000e+03,4.726000000000000000e+03,4.776000000000000000e+03,4.826000000000000000e+03,4.876000000000000000e+03,4.926000000000000000e+03,4.976000000000000000e+03,5.026000000000000000e+03,5.076000000000000000e+03,5.126000000000000000e+03,5.176000000000000000e+03,5.226000000000000000e+03,5.276000000000000000e+03,5.326000000000000000e+03,5.376000000000000000e+03,5.426000000000000000e+03,5.476000000000000000e+03,5.526000000000000000e+03,5.576000000000000000e+03,5.626000000000000000e+03,5.676000000000000000e+03,5.726000000000000000e+03,5.776000000000000000e+03,5.826000000000000000e+03,5.876000000000000000e+03,5.926000000000000000e+03,5.976000000000000000e+03,6.026000000000000000e+03,6.076000000000000000e+03,6.126000000000000000e+03,6.176000000000000000e+03,6.226000000000000000e+03,6.276000000000000000e+03,6.326000000000000000e+03,6.376000000000000000e+03,6.426000000000000000e+03,6.476000000000000000e+03,6.526000000000000000e+03,6.576000000000000000e+03,6.626000000000000000e+03,6.676000000000000000e+03,6.726000000000000000e+03,6.776000000000000000e+03,6.826000000000000000e+03,6.876000000000000000e+03,6.926000000000000000e+03,6.976000000000000000e+03,7.026000000000000000e+03,7.076000000000000000e+03,7.126000000000000000e+03,7.176000000000000000e+03,7.226000000000000000e+03,7.276000000000000000e+03,7.326000000000000000e+03,7.376000000000000000e+03,nan
6.836000000000000227e+02,5.786000000000000227e+02,2.444000000000000057e+02,2.080000000000000071e+01,3.131999999999999886e+02,9.823999999999999773e+02,1.107400000000000091e+03,7.892000000000000455e+02,7.746000000000000227e+02,1.251200000000000045e+03,1.653400000000000091e+03,1.546799999999999955e+03,1.325599999999999909e+03,1.635000000000000000e+03,2.269599999999999909e+03,2.494800000000000182e+03,2.429800000000000182e+03,2.629800000000000182e+03,2.975199999999999818e+03,2.911000000000000000e+03,3.048800000000000182e+03,3.592800000000000182e+03,3.752599999999999909e+03,3.611599999999999909e+03,3.605000000000000000e+03,3.482000000000000000e+03,4.340600000000000364e+03,4.431399999999999636e+03,4.206399999999999636e+03,4.411199999999999818e+03,4.131800000000000182e+03,4.152199999999999818e+03,4.847000000000000000e+03,5.426000000000000000e+03,5.346800000000000182e+03,5.215199999999999818e+03,5.380800000000000182e+03,5.777399999999999636e+03,6.417600000000000364e+03,6.354600000000000364e+03,6.063399999999999636e+03,6.096000000000000000e+03,6.381800000000000182e+03,6.413199999999999818e+03,6.662000000000000000e+03,7.211600000000000364e+03,7.313199999999999818e+03,7.223199999999999818e+03,7.228800000000000182e+03,7.277600000000000364e+03,7.413199999999999818e+03,7.708399999999999636e+03,7.699199999999999818e+03,7.585000000000000000e+03,7.737600000000000364e+03,8.040000000000000000e+03,8.072399999999999636e+03,8.157800000000000182e+03,8.591799999999999272e+03,8.765399999999999636e+03,8.557000000000000000e+03,8.329600000000000364e+03,8.734200000000000728e+03,9.273200000000000728e+03,9.067000000000000000e+03,8.500000000000000000e+03,8.518799999999999272e+03,9.239799999999999272e+03,0.000000000000000000e+00,0.000000000000000000e+00,0.000000000000000000e+00,0.000000000000000000e+00,0.000000000000000000e+00,0.000000000000000000e+00,0.000000000000000000e+00,0.000000000000000000e+00,0.000000000000000000e+00,0.000000000000000000e+00,0.000000000000000000e+00,0.000000000000000000e+00,0.000000000000000000e+00,0.000000000000000000e+00,0.000000000000000000e+00,0.000000000000000000e+00,0.000000000000000000e+00,0.000000000000000000e+00,0.000000000000000000e+00,0.000000000000000000e+00,0.000000000000000000e+00,0.000000000000000000e+00,0.000000000000000000e+00,0.000000000000000000e+00,0.000000000000000000e+00,0.000000000000000000e+00,0.000000000000000000e+00,0.000000000000000000e+00,0.000000000000000000e+00,0.000000000000000000e+00,0.000000000000000000e+00,0.000000000000000000e+00,0.000000000000000000e+00,0.000000000000000000e+00,0.000000000000000000e+00,0.000000000000000000e+00,0.000000000000000000e+00,0.000000000000000000e+00,0.000000000000000000e+00,0.000000000000000000e+00,0.000000000000000000e+00,0.000000000000000000e+00,0.000000000000000000e+00,0.000000000000000000e+00,0.000000000000000000e+00,0.000000000000000000e+00,0.000000000000000000e+00,0.000000000000000000e+00,0.000000000000000000e+00,0.000000000000000000e+00,0.000000000000000000e+00,0.000000000000000000e+00,0.000000000000000000e+00,0.000000000000000000e+00,0.000000000000000000e+00,0.000000000000000000e+00,0.000000000000000000e+00,0.000000000000000000e+00,0.000000000000000000e+00,0.000000000000000000e+00,0.000000000000000000e+00,0.000000000000000000e+00,0.000000000000000000e+00,0.000000000000000000e+00,0.000000000000000000e+00,0.000000000000000000e+00,0.000000000000000000e+00,0.000000000000000000e+00,0.000000000000000000e+00,0.000000000000000000e+00,0.000000000000000000e+00,0.000000000000000000e+00,0.000000000000000000e+00,nan,9.513999999999999773e+02,1.040599999999999909e+03,8.967999999999999545e+02,3.881999999999999886e+02,3.379999999999999716e+01,1.648000000000000114e+02,3.178000000000000114e+02,5.122000000000000455e+02,6.806000000000000227e+02,9.207999999999999545e+02,8.193999999999999773e+02,4.170000000000000000e+02,2.818000000000000114e+02,5.600000000000000000e+02,9.400000000000000000e+02,7.433999999999999773e+02,4.901999999999999886e+02,7.383999999999999773e+02,1.019200000000000045e+03,6.616000000000000227e+02,4.971999999999999886e+02,9.233999999999999773e+02,1.065599999999999909e+03,8.047999999999999545e+02,5.127999999999999545e+02,3.983999999999999773e+02,1.339200000000000045e+03,1.327599999999999909e+03,6.893999999999999773e+02,4.723999999999999773e+02,1.197000000000000000e+03,1.299799999999999955e+03,1.378200000000000045e+03,1.350000000000000000e+03,9.877999999999999545e+02,6.356000000000000227e+02,8.942000000000000455e+02,1.255200000000000045e+03,1.256000000000000000e+03,1.245200000000000045e+03,9.137999999999999545e+02,7.667999999999999545e+02,1.074799999999999955e+03,1.038200000000000045e+03,9.146000000000000227e+02,1.102400000000000091e+03,1.079400000000000091e+03,8.457999999999999545e+02,1.196400000000000091e+03,1.556400000000000091e+03,1.372599999999999909e+03,1.301000000000000000e+03,1.025799999999999955e+03,7.752000000000000455e+02,1.016799999999999955e+03,1.207599999999999909e+03,9.217999999999999545e+02,8.222000000000000455e+02,1.321799999999999955e+03,1.581200000000000045e+03,1.273200000000000045e+03,6.113999999999999773e+02,4.883999999999999773e+02,9.893999999999999773e+02,1.403200000000000045e+03,1.420599999999999909e+03,1.354200000000000045e+03,1.393000000000000000e+03,0.000000000000000000e+00,0.000000000000000000e+00,0.000000000000000000e+00,0.000000000000000000e+00,0.000000000000000000e+00,0.000000000000000000e+00,0.000000000000000000e+00,0.000000000000000000e+00,0.000000000000000000e+00,0.000000000000000000e+00,0.000000000000000000e+00,0.000000000000000000e+00,0.000000000000000000e+00,0.000000000000000000e+00,0.000000000000000000e+00,0.000000000000000000e+00,0.000000000000000000e+00,0.000000000000000000e+00,0.000000000000000000e+00,0.000000000000000000e+00,0.000000000000000000e+00,0.000000000000000000e+00,0.000000000000000000e+00,0.000000000000000000e+00,0.000000000000000000e+00,0.000000000000000000e+00,0.000000000000000000e+00,0.000000000000000000e+00,0.000000000000000000e+00,0.000000000000000000e+00,0.000000000000000000e+00,0.000000000000000000e+00,0.000000000000000000e+00,0.000000000000000000e+00,0.000000000000000000e+00,0.000000000000000000e+00,0.000000000000000000e+00,0.000000000000000000e+00,0.000000000000000000e+00,0.000000000000000000e+00,0.000000000000000000e+00,0.000000000000000000e+00,0.000000000000000000e+00,0.000000000000000000e+00,0.000000000000000000e+00,0.000000000000000000e+00,0.000000000000000000e+00,0.000000000000000000e+00,0.000000000000000000e+00,0.000000000000000000e+00,0.000000000000000000e+00,0.000000000000000000e+00,0.000000000000000000e+00,0.000000000000000000e+00,0.000000000000000000e+00,0.000000000000000000e+00,0.000000000000000000e+00,0.000000000000000000e+00,0.000000000000000000e+00,0.000000000000000000e+00,0.000000000000000000e+00,0.000000000000000000e+00,0.000000000000000000e+00,0.000000000000000000e+00,0.000000000000000000e+00,0.000000000000000000e+00,0.000000000000000000e+00,0.000000000000000000e+00,0.000000000000000000e+00,0.000000000000000000e+00,0.000000000000000000e+00,0.000000000000000000e+00,0.000000000000000000e+00,nan,2.000000000000000000e+01,7.000000000000000000e+01,1.200000000000000000e+02,1.700000000000000000e+02,2.200000000000000000e+02,2.700000000000000000e+02,3.200000000000000000e+02,3.700000000000000000e+02,4.200000000000000000e+02,4.700000000000000000e+02,5.200000000000000000e+02,5.700000000000000000e+02,6.200000000000000000e+02,6.700000000000000000e+02,7.200000000000000000e+02,7.700000000000000000e+02,8.200000000000000000e+02,8.700000000000000000e+02,9.200000000000000000e+02,9.610000000000000000e+02,1.011000000000000000e+03,1.061000000000000000e+03,1.111000000000000000e+03,1.161000000000000000e+03,1.211000000000000000e+03,1.261000000000000000e+03,1.431799999999999955e+03,1.512000000000000000e+03,1.562000000000000000e+03,1.612000000000000000e+03,1.742799999999999955e+03,1.813000000000000000e+03,1.885000000000000000e+03,2.023000000000000000e+03,2.073000000000000000e+03,2.123000000000000000e+03,2.173000000000000000e+03,2.233000000000000000e+03,2.323000000000000000e+03,2.373000000000000000e+03,2.423000000000000000e+03,2.473000000000000000e+03,2.523000000000000000e+03,2.573000000000000000e+03,2.623800000000000182e+03,2.674000000000000000e+03,2.724000000000000000e+03,2.774000000000000000e+03,2.842000000000000000e+03,2.904000000000000000e+03,2.954000000000000000e+03,3.004000000000000000e+03,3.054000000000000000e+03,3.104000000000000000e+03,3.154800000000000182e+03,3.205000000000000000e+03,3.255000000000000000e+03,3.305000000000000000e+03,3.355000000000000000e+03,3.405000000000000000e+03,3.455000000000000000e+03,3.505000000000000000e+03,3.555000000000000000e+03,3.605000000000000000e+03,3.655000000000000000e+03,3.705000000000000000e+03,3.755000000000000000e+03,3.805000000000000000e+03,3.845000000000000000e+03,3.895000000000000000e+03,3.945000000000000000e+03,3.995000000000000000e+03,4.045000000000000000e+03,4.095000000000000000e+03,4.145000000000000000e+03,4.195000000000000000e+03,4.245000000000000000e+03,4.295000000000000000e+03,4.345000000000000000e+03,4.395000000000000000e+03,4.445000000000000000e+03,4.495000000000000000e+03,4.545000000000000000e+03,4.595000000000000000e+03,4.645000000000000000e+03,4.695000000000000000e+03,4.745000000000000000e+03,4.795000000000000000e+03,4.845000000000000000e+03,4.895000000000000000e+03,4.945000000000000000e+03,4.995000000000000000e+03,5.045000000000000000e+03,5.095000000000000000e+03,5.145000000000000000e+03,5.195000000000000000e+03,5.245000000000000000e+03,5.295000000000000000e+03,5.345000000000000000e+03,5.395000000000000000e+03,5.445000000000000000e+03,5.495000000000000000e+03,5.545000000000000000e+03,5.595000000000000000e+03,5.645000000000000000e+03,5.695000000000000000e+03,5.745000000000000000e+03,5.795000000000000000e+03,5.845000000000000000e+03,5.895000000000000000e+03,5.945000000000000000e+03,5.995000000000000000e+03,6.045000000000000000e+03,6.095000000000000000e+03,6.145000000000000000e+03,6.195000000000000000e+03,6.245000000000000000e+03,6.295000000000000000e+03,6.345000000000000000e+03,6.395000000000000000e+03,6.445000000000000000e+03,6.495000000000000000e+03,6.545000000000000000e+03,6.595000000000000000e+03,6.645000000000000000e+03,6.695000000000000000e+03,6.745000000000000000e+03,6.795000000000000000e+03,6.845000000000000000e+03,6.895000000000000000e+03,6.945000000000000000e+03,6.995000000000000000e+03,7.045000000000000000e+03,7.095000000000000000e+03,7.145000000000000000e+03,7.195000000000000000e+03,7.245000000000000000e+03,7.295000000000000000e+03,7.345000000000000000e+03,7.395000000000000000e+03,7.445000000000000000e+03,nan
7.253999999999999773e+02,4.730000000000000000e+02,7.500000000000000000e+01,8.920000000000000284e+01,6.067999999999999545e+02,1.071200000000000045e+03,1.069400000000000091e+03,9.672000000000000455e+02,8.983999999999999773e+02,8.350000000000000000e+02,1.096000000000000000e+03,1.557400000000000091e+03,1.658599999999999909e+03,1.399000000000000000e+03,1.373799999999999955e+03,1.923200000000000045e+03,2.372000000000000000e+03,2.384000000000000000e+03,2.372400000000000091e+03,2.583400000000000091e+03,2.821000000000000000e+03,2.800599999999999909e+03,2.943800000000000182e+03,3.467199999999999818e+03,3.748400000000000091e+03,3.625400000000000091e+03,3.630400000000000091e+03,3.669400000000000091e+03,3.467800000000000182e+03,3.516199999999999818e+03,3.931800000000000182e+03,4.360600000000000364e+03,4.524600000000000364e+03,4.477600000000000364e+03,4.289000000000000000e+03,4.235600000000000364e+03,4.488000000000000000e+03,4.434399999999999636e+03,4.126800000000000182e+03,4.052199999999999818e+03,4.293800000000000182e+03,4.960399999999999636e+03,5.307800000000000182e+03,5.226199999999999818e+03,5.146800000000000182e+03,5.377000000000000000e+03,5.905399999999999636e+03,6.108600000000000364e+03,5.817399999999999636e+03,5.794399999999999636e+03,6.127800000000000182e+03,6.241800000000000182e+03,6.301000000000000000e+03,6.701199999999999818e+03,6.931199999999999818e+03,6.861800000000000182e+03,6.789399999999999636e+03,6.876800000000000182e+03,7.009600000000000364e+03,7.430399999999999636e+03,7.307000000000000000e+03,7.197199999999999818e+03,7.435199999999999818e+03,7.701800000000000182e+03,7.640600000000000364e+03,7.829399999999999636e+03,8.381600000000000364e+03,8.595200000000000728e+03,8.524399999999999636e+03,8.258600000000000364e+03,8.282600000000000364e+03,8.598399999999999636e+03,8.766799999999999272e+03,8.425200000000000728e+03,8.252399999999999636e+03,8.534000000000000000e+03,1.786000000000000000e+03,0.000000000000000000e+00,0.000000000000000000e+00,0.000000000000000000e+00,0.000000000000000000e+00,0.000000000000000000e+00,0.000000000000000000e+00,0.000000000000000000e+00,0.000000000000000000e+00,0.000000000000000000e+00,0.000000000000000000e+00,0.000000000000000000e+00,0.000000000000000000e+00,0.000000000000000000e+00,0.000000000000000000e+00,0.000000000000000000e+00,0.000000000000000000e+00,0.000000000000000000e+00,0.000000000000000000e+00,0.000000000000000000e+00,0.000000000000000000e+00,0.000000000000000000e+00,0.000000000000000000e+00,0.000000000000000000e+00,0.000000000000000000e+00,0.000000000000000000e+00,0.000000000000000000e+00,0.000000000000000000e+00,0.000000000000000000e+00,0.000000000000000000e+00,0.000000000000000000e+00,0.000000000000000000e+00,0.000000000000000000e+00,0.000000000000000000e+00,0.000000000000000000e+00,0.000000000000000000e+00,0.000000000000000000e+00,0.000000000000000000e+00,0.000000000000000000e+00,0.000000000000000000e+00,0.000000000000000000e+00,0.000000000000000000e+00,0.000000000000000000e+00,0.000000000000000000e+00,0.000000000000000000e+00,0.000000000000000000e+00,0.000000000000000000e+00,0.000000000000000000e+00,0.000000000000000000e+00,0.000000000000000000e+00,0.000000000000000000e+00,0.000000000000000000e+00,0.000000000000000000e+00,0.000000000000000000e+00,0.000000000000000000e+00,0.000000000000000000e+00,0.000000000000000000e+00,0.000000000000000000e+00,0.000000000000000000e+00,0.000000000000000000e+00,0.000000000000000000e+00,0.000000000000000000e+00,0.000000000000000000e+00,0.000000000000000000e+00,0.000000000000000000e+00,nan,1.126599999999999909e+03,1.078000000000000000e+03,6.700000000000000000e+02,1.591999999999999886e+02,6.840000000000000568e+01,3.226000000000000227e+02,3.800000000000000000e+02,3.181999999999999886e+02,3.811999999999999886e+02,6.790000000000000000e+02,9.867999999999999545e+02,9.903999999999999773e+02,6.332000000000000455e+02,3.318000000000000114e+02,4.286000000000000227e+02,7.946000000000000227e+02,8.880000000000000000e+02,5.687999999999999545e+02,4.928000000000000114e+02,7.970000000000000000e+02,9.313999999999999773e+02,5.907999999999999545e+02,4.501999999999999886e+02,8.473999999999999773e+02,1.131000000000000000e+03,9.247999999999999545e+02,6.333999999999999773e+02,4.441999999999999886e+02,3.530000000000000000e+02,5.173999999999999773e+02,9.533999999999999773e+02,1.312599999999999909e+03,1.607000000000000000e+03,1.579599999999999909e+03,1.037000000000000000e+03,5.263999999999999773e+02,6.163999999999999773e+02,9.347999999999999545e+02,1.044400000000000091e+03,1.104799999999999955e+03,1.158400000000000091e+03,1.262000000000000000e+03,1.244599999999999909e+03,8.843999999999999773e+02,5.730000000000000000e+02,8.446000000000000227e+02,1.134400000000000091e+03,1.139799999999999955e+03,8.796000000000000227e+02,6.393999999999999773e+02,8.926000000000000227e+02,9.863999999999999773e+02,7.460000000000000000e+02,8.187999999999999545e+02,9.582000000000000455e+02,7.677999999999999545e+02,7.222000000000000455e+02,1.359599999999999909e+03,1.270799999999999955e+03,1.131400000000000091e+03,9.143999999999999773e+02,6.556000000000000227e+02,8.906000000000000227e+02,1.059000000000000000e+03,6.817999999999999545e+02,6.153999999999999773e+02,1.190000000000000000e+03,1.584599999999999909e+03,1.499000000000000000e+03,9.077999999999999545e+02,5.056000000000000227e+02,6.470000000000000000e+02,1.083400000000000091e+03,1.227599999999999909e+03,1.256400000000000091e+03,1.279000000000000000e+03,2.606000000000000227e+02,0.000000000000000000e+00,0.000000000000000000e+00,0.000000000000000000e+00,0.000000000000000000e+00,0.000000000000000000e+00,0.000000000000000000e+00,0.000000000000000000e+00,0.000000000000000000e+00,0.000000000000000000e+00,0.000000000000000000e+00,0.000000000000000000e+00,0.000000000000000000e+00,0.000000000000000000e+00,0.000000000000000000e+00,0.000000000000000000e+00,0.000000000000000000e+00,0.000000000000000000e+00,0.000000000000000000e+00,0.000000000000000000e+00,0.000000000000000000e+00,0.000000000000000000e+00,0.000000000000000000e+00,0.000000000000000000e+00,0.000000000000000000e+00,0.000000000000000000e+00,0.000000000000000000e+00,0.000000000000000000e+00,0.000000000000000000e+00,0.000000000000000000e+00,0.000000000000000000e+00,0.000000000000000000e+00,0.000000000000000000e+00,0.000000000000000000e+00,0.000000000000000000e+00,0.000000000000000000e+00,0.000000000000000000e+00,0.000000000000000000e+00,0.000000000000000000e+00,0.000000000000000000e+00,0.000000000000000000e+00,0.000000000000000000e+00,0.000000000000000000e+00,0.000000000000000000e+00,0.000000000000000000e+00,0.000000000000000000e+00,0.000000000000000000e+00,0.000000000000000000e+00,0.000000000000000000e+00,0.000000000000000000e+00,0.000000000000000000e+00,0.000000000000000000e+00,0.000000000000000000e+00,0.000000000000000000e+00,0.000000000000000000e+00,0.000000000000000000e+00,0.000000000000000000e+00,0.000000000000000000e+00,0.000000000000000000e+00,0.000000000000000000e+00,0.000000000000000000e+00,0.000000000000000000e+00,0.000000000000000000e+00,0.000000000000000000e+00,0.000000000000000000e+00,nan,2.000000000000000000e+01,7.000000000000000000e+01,1.200000000000000000e+02,1.700000000000000000e+02,2.200000000000000000e+02,2.700000000000000000e+02,3.200000000000000000e+02,3.700000000000000000e+02,4.200000000000000000e+02,4.700000000000000000e+02,5.200000000000000000e+02,5.700000000000000000e+02,6.200000000000000000e+02,6.700000000000000000e+02,7.200000000000000000e+02,7.700000000000000000e+02,8.200000000000000000e+02,8.700000000000000000e+02,9.200000000000000000e+02,9.700000000000000000e+02,1.020000000000000000e+03,1.070000000000000000e+03,1.120000000000000000e+03,1.170000000000000000e+03,1.220000000000000000e+03,1.270000000000000000e+03,1.320000000000000000e+03,1.370000000000000000e+03,1.420000000000000000e+03,1.470000000000000000e+03,1.520000000000000000e+03,1.570000000000000000e+03,1.620000000000000000e+03,1.670000000000000000e+03,1.720000000000000000e+03,1.770000000000000000e+03,1.820000000000000000e+03,1.870000000000000000e+03,1.920000000000000000e+03,1.970000000000000000e+03,2.020000000000000000e+03,2.167199999999999818e+03,2.363000000000000000e+03,2.413000000000000000e+03,2.463000000000000000e+03,2.513000000000000000e+03,2.611400000000000091e+03,2.734000000000000000e+03,2.784000000000000000e+03,2.834000000000000000e+03,2.884000000000000000e+03,2.934000000000000000e+03,2.984000000000000000e+03,3.034000000000000000e+03,3.084000000000000000e+03,3.134000000000000000e+03,3.192199999999999818e+03,3.275000000000000000e+03,3.337000000000000000e+03,3.435000000000000000e+03,3.485000000000000000e+03,3.535000000000000000e+03,3.585000000000000000e+03,3.635000000000000000e+03,3.685000000000000000e+03,3.735000000000000000e+03,3.785000000000000000e+03,3.835000000000000000e+03,3.885000000000000000e+03,3.935000000000000000e+03,3.985000000000000000e+03,4.035000000000000000e+03,4.085000000000000000e+03,4.135000000000000000e+03,4.185000000000000000e+03,4.235000000000000000e+03,4.277000000000000000e+03,4.325000000000000000e+03,4.375000000000000000e+03,4.425000000000000000e+03,4.475000000000000000e+03,4.525000000000000000e+03,4.575000000000000000e+03,4.625000000000000000e+03,4.675000000000000000e+03,4.725000000000000000e+03,4.775000000000000000e+03,4.825000000000000000e+03,4.875000000000000000e+03,4.925000000000000000e+03,4.975000000000000000e+03,5.025000000000000000e+03,5.075000000000000000e+03,5.125000000000000000e+03,5.175000000000000000e+03,5.225000000000000000e+03,5.275000000000000000e+03,5.325000000000000000e+03,5.375000000000000000e+03,5.425000000000000000e+03,5.475000000000000000e+03,5.525000000000000000e+03,5.575000000000000000e+03,5.625000000000000000e+03,5.675000000000000000e+03,5.725000000000000000e+03,5.775000000000000000e+03,5.825000000000000000e+03,5.875000000000000000e+03,5.925000000000000000e+03,5.975000000000000000e+03,6.025000000000000000e+03,6.075000000000000000e+03,6.125000000000000000e+03,6.175000000000000000e+03,6.225000000000000000e+03,6.275000000000000000e+03,6.325000000000000000e+03,6.375000000000000000e+03,6.425000000000000000e+03,6.475000000000000000e+03,6.525000000000000000e+03,6.575000000000000000e+03,6.625000000000000000e+03,6.675000000000000000e+03,6.725000000000000000e+03,6.775000000000000000e+03,6.825000000000000000e+03,6.875000000000000000e+03,6.925000000000000000e+03,6.975000000000000000e+03,7.025000000000000000e+03,7.075000000000000000e+03,7.125000000000000000e+03,7.175000000000000000e+03,7.225000000000000000e+03,7.275000000000000000e+03,7.325000000000000000e+03,7.375000000000000000e+03,7.425000000000000000e+03,7.475000000000000000e+03,nan
6.027999999999999545e+02,3.661999999999999886e+02,9.320000000000000284e+01,5.920000000000000284e+01,4.846000000000000227e+02,9.482000000000000455e+02,9.090000000000000000e+02,8.196000000000000227e+02,9.483999999999999773e+02,1.338200000000000045e+03,1.575000000000000000e+03,1.418400000000000091e+03,1.265400000000000091e+03,1.472200000000000045e+03,1.955000000000000000e+03,2.173599999999999909e+03,2.119800000000000182e+03,2.178199999999999818e+03,2.539800000000000182e+03,2.647199999999999818e+03,2.665599999999999909e+03,3.075800000000000182e+03,3.488400000000000091e+03,3.439400000000000091e+03,3.390000000000000000e+03,3.478199999999999818e+03,3.312000000000000000e+03,3.378400000000000091e+03,3.747400000000000091e+03,4.155600000000000364e+03,4.230600000000000364e+03,4.058400000000000091e+03,3.934599999999999909e+03,4.108600000000000364e+03,4.046199999999999818e+03,3.769800000000000182e+03,4.066000000000000000e+03,4.742000000000000000e+03,4.850800000000000182e+03,4.770199999999999818e+03,4.793000000000000000e+03,5.062199999999999818e+03,5.784600000000000364e+03,5.635600000000000364e+03,5.400600000000000364e+03,5.546399999999999636e+03,5.807600000000000364e+03,5.868600000000000364e+03,5.981399999999999636e+03,6.385000000000000000e+03,6.654000000000000000e+03,6.606000000000000000e+03,6.537399999999999636e+03,6.557199999999999818e+03,6.798199999999999818e+03,7.095399999999999636e+03,6.974199999999999818e+03,6.954399999999999636e+03,7.234399999999999636e+03,7.391000000000000000e+03,7.338199999999999818e+03,7.527399999999999636e+03,7.999800000000000182e+03,8.204399999999999636e+03,8.026399999999999636e+03,7.792800000000000182e+03,8.068199999999999818e+03,8.431200000000000728e+03,8.406200000000000728e+03,7.989399999999999636e+03,7.986199999999999818e+03,6.668600000000000364e+03,0.000000000000000000e+00,0.000000000000000000e+00,0.000000000000000000e+00,0.000000000000000000e+00,0.000000000000000000e+00,0.000000000000000000e+00,0.000000000000000000e+00,0.000000000000000000e+00,0.000000000000000000e+00,0.000000000000000000e+00,0.000000000000000000e+00,0.000000000000000000e+00,0.000000000000000000e+00,0.000000000000000000e+00,0.000000000000000000e+00,0.000000000000000000e+00,0.000000000000000000e+00,0.000000000000000000e+00,0.000000000000000000e+00,0.000000000000000000e+00,0.000000000000000000e+00,0.000000000000000000e+00,0.000000000000000000e+00,0.000000000000000000e+00,0.000000000000000000e+00,0.000000000000000000e+00,0.000000000000000000e+00,0.000000000000000000e+00,0.000000000000000000e+00,0.000000000000000000e+00,0.000000000000000000e+00,0.000000000000000000e+00,0.000000000000000000e+00,0.000000000000000000e+00,0.000000000000000000e+00,0.000000000000000000e+00,0.000000000000000000e+00,0.000000000000000000e+00,0.000000000000000000e+00,0.000000000000000000e+00,0.000000000000000000e+00,0.000000000000000000e+00,0.000000000000000000e+00,0.000000000000000000e+00,0.000000000000000000e+00,0.000000000000000000e+00,0.000000000000000000e+00,0.000000000000000000e+00,0.000000000000000000e+00,0.000000000000000000e+00,0.000000000000000000e+00,0.000000000000000000e+00,0.000000000000000000e+00,0.000000000000000000e+00,0.000000000000000000e+00,0.000000000000000000e+00,0.000000000000000000e+00,0.000000000000000000e+00,0.000000000000000000e+00,0.000000000000000000e+00,0.000000000000000000e+00,0.000000000000000000e+00,0.000000000000000000e+00,0.000000000000000000e+00,0.000000000000000000e+00,0.000000000000000000e+00,0.000000000000000000e+00,0.000000000000000000e+00,0.000000000000000000e+00,nan,1.028000000000000000e+03,1.068599999999999909e+03,7.666000000000000227e+02,1.914000000000000057e+02,6.659999999999999432e+01,3.868000000000000114e+02,4.576000000000000227e+02,4.901999999999999886e+02,7.493999999999999773e+02,9.502000000000000455e+02,7.552000000000000455e+02,3.773999999999999773e+02,4.190000000000000000e+02,5.906000000000000227e+02,8.056000000000000227e+02,7.446000000000000227e+02,4.600000000000000000e+02,4.560000000000000000e+02,8.136000000000000227e+02,7.510000000000000000e+02,4.710000000000000000e+02,6.660000000000000000e+02,1.013399999999999977e+03,9.322000000000000455e+02,6.022000000000000455e+02,3.496000000000000227e+02,2.806000000000000227e+02,5.426000000000000227e+02,8.967999999999999545e+02,1.400000000000000000e+03,1.503400000000000091e+03,1.068599999999999909e+03,4.181999999999999886e+02,3.586000000000000227e+02,8.737999999999999545e+02,1.149000000000000000e+03,1.196599999999999909e+03,1.113599999999999909e+03,9.447999999999999545e+02,5.792000000000000455e+02,6.383999999999999773e+02,1.016399999999999977e+03,1.095200000000000045e+03,1.037000000000000000e+03,7.200000000000000000e+02,6.396000000000000227e+02,9.442000000000000455e+02,9.686000000000000227e+02,7.117999999999999545e+02,8.087999999999999545e+02,9.502000000000000455e+02,7.513999999999999773e+02,7.442000000000000455e+02,1.352799999999999955e+03,1.221599999999999909e+03,1.013799999999999955e+03,7.533999999999999773e+02,6.667999999999999545e+02,9.843999999999999773e+02,1.000399999999999977e+03,6.486000000000000227e+02,6.172000000000000455e+02,1.204400000000000091e+03,1.589200000000000045e+03,1.287000000000000000e+03,6.843999999999999773e+02,5.076000000000000227e+02,8.376000000000000227e+02,1.350799999999999955e+03,1.442799999999999955e+03,1.418200000000000045e+03,1.128400000000000091e+03,0.000000000000000000e+00,0.000000000000000000e+00,0.000000000000000000e+00,0.000000000000000000e+00,0.000000000000000000e+00,0.000000000000000000e+00,0.000000000000000000e+00,0.000000000000000000e+00,0.000000000000000000e+00,0.000000000000000000e+00,0.000000000000000000e+00,0.000000000000000000e+00,0.000000000000000000e+00,0.000000000000000000e+00,0.000000000000000000e+00,0.000000000000000000e+00,0.000000000000000000e+00,0.000000000000000000e+00,0.000000000000000000e+00,0.000000000000000000e+00,0.000000000000000000e+00,0.000000000000000000e+00,0.000000000000000000e+00,0.000000000000000000e+00,0.000000000000000000e+00,0.000000000000000000e+00,0.000000000000000000e+00,0.000000000000000000e+00,0.000000000000000000e+00,0.000000000000000000e+00,0.000000000000000000e+00,0.000000000000000000e+00,0.000000000000000000e+00,0.000000000000000000e+00,0.000000000000000000e+00,0.000000000000000000e+00,0.000000000000000000e+00,0.000000000000000000e+00,0.000000000000000000e+00,0.000000000000000000e+00,0.000000000000000000e+00,0.000000000000000000e+00,0.000000000000000000e+00,0.000000000000000000e+00,0.000000000000000000e+00,0.000000000000000000e+00,0.000000000000000000e+00,0.000000000000000000e+00,0.000000000000000000e+00,0.000000000000000000e+00,0.000000000000000000e+00,0.000000000000000000e+00,0.000000000000000000e+00,0.000000000000000000e+00,0.000000000000000000e+00,0.000000000000000000e+00,0.000000000000000000e+00,0.000000000000000000e+00,0.000000000000000000e+00,0.000000000000000000e+00,0.000000000000000000e+00,0.000000000000000000e+00,0.000000000000000000e+00,0.000000000000000000e+00,0.000000000000000000e+00,0.000000000000000000e+00,0.000000000000000000e+00,0.000000000000000000e+00,0.000000000000000000e+00,nan,2.000000000000000000e+01,7.000000000000000000e+01,1.200000000000000000e+02,1.700000000000000000e+02,2.200000000000000000e+02,2.700000000000000000e+02,3.200000000000000000e+02,3.700000000000000000e+02,4.200000000000000000e+02,4.700000000000000000e+02,5.200000000000000000e+02,5.700000000000000000e+02,6.200000000000000000e+02,6.700000000000000000e+02,7.200000000000000000e+02,7.700000000000000000e+02,8.200000000000000000e+02,8.700000000000000000e+02,9.200000000000000000e+02,9.700000000000000000e+02,1.020000000000000000e+03,1.070000000000000000e+03,1.120000000000000000e+03,1.170000000000000000e+03,1.220000000000000000e+03,1.270000000000000000e+03,1.320000000000000000e+03,1.370000000000000000e+03,1.420000000000000000e+03,1.470000000000000000e+03,1.520000000000000000e+03,1.570000000000000000e+03,1.609200000000000045e+03,1.652000000000000000e+03,1.720000000000000000e+03,1.782000000000000000e+03,1.832000000000000000e+03,2.074800000000000182e+03,2.173000000000000000e+03,2.223000000000000000e+03,2.273000000000000000e+03,2.323000000000000000e+03,2.433000000000000000e+03,2.483000000000000000e+03,2.533000000000000000e+03,2.583000000000000000e+03,2.633000000000000000e+03,2.683000000000000000e+03,2.733000000000000000e+03,2.783800000000000182e+03,2.834000000000000000e+03,2.884000000000000000e+03,2.942000000000000000e+03,3.024000000000000000e+03,3.098000000000000000e+03,3.184000000000000000e+03,3.234000000000000000e+03,3.284000000000000000e+03,3.334000000000000000e+03,3.384000000000000000e+03,3.434000000000000000e+03,3.484000000000000000e+03,3.534000000000000000e+03,3.584000000000000000e+03,3.634000000000000000e+03,3.684000000000000000e+03,3.734000000000000000e+03,3.784000000000000000e+03,3.834000000000000000e+03,3.884000000000000000e+03,3.934000000000000000e+03,3.982000000000000000e+03,4.024000000000000000e+03,4.074000000000000000e+03,4.124000000000000000e+03,4.174000000000000000e+03,4.224000000000000000e+03,4.274000000000000000e+03,4.324000000000000000e+03,4.374000000000000000e+03,4.424000000000000000e+03,4.474000000000000000e+03,4.524000000000000000e+03,4.574000000000000000e+03,4.624000000000000000e+03,4.674000000000000000e+03,4.724000000000000000e+03,4.774000000000000000e+03,4.824000000000000000e+03,4.874000000000000000e+03,4.924000000000000000e+03,4.974000000000000000e+03,5.024000000000000000e+03,5.074000000000000000e+03,5.124000000000000000e+03,5.174000000000000000e+03,5.224000000000000000e+03,5.274000000000000000e+03,5.324000000000000000e+03,5.374000000000000000e+03,5.424000000000000000e+03,5.474000000000000000e+03,5.524000000000000000e+03,5.574000000000000000e+03,5.624000000000000000e+03,5.674000000000000000e+03,5.724000000000000000e+03,5.774000000000000000e+03,5.824000000000000000e+03,5.874000000000000000e+03,5.924000000000000000e+03,5.974000000000000000e+03,6.024000000000000000e+03,6.074000000000000000e+03,6.124000000000000000e+03,6.174000000000000000e+03,6.224000000000000000e+03,6.274000000000000000e+03,6.324000000000000000e+03,6.374000000000000000e+03,6.424000000000000000e+03,6.474000000000000000e+03,6.524000000000000000e+03,6.574000000000000000e+03,6.624000000000000000e+03,6.674000000000000000e+03,6.724000000000000000e+03,6.774000000000000000e+03,6.824000000000000000e+03,6.874000000000000000e+03,6.924000000000000000e+03,6.974000000000000000e+03,7.024000000000000000e+03,7.074000000000000000e+03,7.124000000000000000e+03,7.174000000000000000e+03,7.224000000000000000e+03,7.274000000000000000e+03,7.324000000000000000e+03,7.374000000000000000e+03,7.424000000000000000e+03,nan
7.040000000000000000e+02,7.566000000000000227e+02,6.282000000000000455e+02,2.524000000000000057e+02,3.939999999999999858e+01,4.801999999999999886e+02,1.124200000000000045e+03,1.494799999999999955e+03,1.384200000000000045e+03,1.279200000000000045e+03,1.526599999999999909e+03,1.711400000000000091e+03,1.496200000000000045e+03,1.295000000000000000e+03,1.608799999999999955e+03,2.264800000000000182e+03,2.577400000000000091e+03,2.457199999999999818e+03,2.278800000000000182e+03,2.203199999999999818e+03,2.405800000000000182e+03,2.725199999999999818e+03,2.950599999999999909e+03,2.980599999999999909e+03,3.051400000000000091e+03,3.353000000000000000e+03,3.662000000000000000e+03,3.662800000000000182e+03,3.447199999999999818e+03,3.410000000000000000e+03,3.613599999999999909e+03,3.542400000000000091e+03,3.495000000000000000e+03,4.462800000000000182e+03,4.534199999999999818e+03,4.368399999999999636e+03,4.356000000000000000e+03,4.615600000000000364e+03,4.731600000000000364e+03,4.119600000000000364e+03,3.888000000000000000e+03,4.359600000000000364e+03,5.116800000000000182e+03,5.368000000000000000e+03,5.236399999999999636e+03,5.171600000000000364e+03,5.108199999999999818e+03,5.140800000000000182e+03,5.399800000000000182e+03,5.817399999999999636e+03,6.041399999999999636e+03,5.995199999999999818e+03,5.895000000000000000e+03,5.730399999999999636e+03,5.709600000000000364e+03,5.961000000000000000e+03,6.144800000000000182e+03,6.209399999999999636e+03,6.381000000000000000e+03,6.759199999999999818e+03,6.863600000000000364e+03,6.755000000000000000e+03,6.759199999999999818e+03,6.884199999999999818e+03,7.058800000000000182e+03,7.452600000000000364e+03,7.433600000000000364e+03,7.303399999999999636e+03,7.303000000000000000e+03,7.546600000000000364e+03,7.838000000000000000e+03,7.989000000000000000e+03,8.124800000000000182e+03,8.427600000000000364e+03,8.745600000000000364e+03,8.751000000000000000e+03,8.588000000000000000e+03,8.426000000000000000e+03,8.560200000000000728e+03,8.980200000000000728e+03,8.895200000000000728e+03,8.135399999999999636e+03,8.267399999999999636e+03,7.196399999999999636e+03,0.000000000000000000e+00,0.000000000000000000e+00,0.000000000000000000e+00,0.000000000000000000e+00,0.000000000000000000e+00,0.000000000000000000e+00,0.000000000000000000e+00,0.000000000000000000e+00,0.000000000000000000e+00,0.000000000000000000e+00,0.000000000000000000e+00,0.000000000000000000e+00,0.000000000000000000e+00,0.000000000000000000e+00,0.000000000000000000e+00,0.000000000000000000e+00,0.000000000000000000e+00,0.000000000000000000e+00,0.000000000000000000e+00,0.000000000000000000e+00,0.000000000000000000e+00,0.000000000000000000e+00,0.000000000000000000e+00,0.000000000000000000e+00,0.000000000000000000e+00,0.000000000000000000e+00,0.000000000000000000e+00,0.000000000000000000e+00,0.000000000000000000e+00,0.000000000000000000e+00,0.000000000000000000e+00,0.000000000000000000e+00,0.000000000000000000e+00,0.000000000000000000e+00,0.000000000000000000e+00,0.000000000000000000e+00,0.000000000000000000e+00,0.000000000000000000e+00,0.000000000000000000e+00,0.000000000000000000e+00,0.000000000000000000e+00,0.000000000000000000e+00,0.000000000000000000e+00,0.000000000000000000e+00,0.000000000000000000e+00,0.000000000000000000e+00,0.000000000000000000e+00,0.000000000000000000e+00,0.000000000000000000e+00,0.000000000000000000e+00,0.000000000000000000e+00,0.000000000000000000e+00,0.000000000000000000e+00,0.000000000000000000e+00,0.000000000000000000e+00,0.000000000000000000e+00,0.000000000000000000e+00,nan,7.362000000000000455e+02,9.032000000000000455e+02,1.010399999999999977e+03,6.766000000000000227e+02,1.444000000000000057e+02,6.859999999999999432e+01,4.841999999999999886e+02,8.380000000000000000e+02,6.963999999999999773e+02,2.978000000000000114e+02,3.146000000000000227e+02,6.886000000000000227e+02,8.186000000000000227e+02,6.543999999999999773e+02,6.382000000000000455e+02,8.372000000000000455e+02,9.766000000000000227e+02,8.603999999999999773e+02,5.283999999999999773e+02,2.843999999999999773e+02,5.596000000000000227e+02,8.046000000000000227e+02,7.566000000000000227e+02,5.240000000000000000e+02,4.800000000000000000e+02,7.637999999999999545e+02,1.070599999999999909e+03,1.128200000000000045e+03,9.246000000000000227e+02,7.647999999999999545e+02,6.876000000000000227e+02,4.531999999999999886e+02,5.766000000000000227e+02,1.640599999999999909e+03,1.574000000000000000e+03,1.105000000000000000e+03,5.877999999999999545e+02,5.640000000000000000e+02,7.992000000000000455e+02,8.932000000000000455e+02,8.522000000000000455e+02,9.123999999999999773e+02,1.100400000000000091e+03,1.126799999999999955e+03,1.135000000000000000e+03,9.047999999999999545e+02,5.592000000000000455e+02,6.713999999999999773e+02,9.773999999999999773e+02,1.056799999999999955e+03,9.920000000000000000e+02,1.023000000000000000e+03,1.120799999999999955e+03,8.072000000000000455e+02,5.282000000000000455e+02,8.230000000000000000e+02,1.013000000000000000e+03,7.816000000000000227e+02,6.060000000000000000e+02,8.622000000000000455e+02,1.004799999999999955e+03,6.906000000000000227e+02,5.053999999999999773e+02,1.423400000000000091e+03,1.403400000000000091e+03,1.108599999999999909e+03,9.022000000000000455e+02,6.347999999999999545e+02,5.806000000000000227e+02,9.372000000000000455e+02,1.031200000000000045e+03,7.446000000000000227e+02,6.622000000000000455e+02,1.044599999999999909e+03,1.462200000000000045e+03,1.518000000000000000e+03,1.311000000000000000e+03,7.950000000000000000e+02,4.361999999999999886e+02,5.387999999999999545e+02,8.976000000000000227e+02,1.025599999999999909e+03,9.640000000000000000e+02,7.402000000000000455e+02,0.000000000000000000e+00,0.000000000000000000e+00,0.000000000000000000e+00,0.000000000000000000e+00,0.000000000000000000e+00,0.000000000000000000e+00,0.000000000000000000e+00,0.000000000000000000e+00,0.000000000000000000e+00,0.000000000000000000e+00,0.000000000000000000e+00,0.000000000000000000e+00,0.000000000000000000e+00,0.000000000000000000e+00,0.000000000000000000e+00,0.000000000000000000e+00,0.000000000000000000e+00,0.000000000000000000e+00,0.000000000000000000e+00,0.000000000000000000e+00,0.000000000000000000e+00,0.000000000000000000e+00,0.000000000000000000e+00,0.000000000000000000e+00,0.000000000000000000e+00,0.000000000000000000e+00,0.000000000000000000e+00,0.000000000000000000e+00,0.000000000000000000e+00,0.000000000000000000e+00,0.000000000000000000e+00,0.000000000000000000e+00,0.000000000000000000e+00,0.000000000000000000e+00,0.000000000000000000e+00,0.000000000000000000e+00,0.000000000000000000e+00,0.000000000000000000e+00,0.000000000000000000e+00,0.000000000000000000e+00,0.000000000000000000e+00,0.000000000000000000e+00,0.000000000000000000e+00,0.000000000000000000e+00,0.000000000000000000e+00,0.000000000000000000e+00,0.000000000000000000e+00,0.000000000000000000e+00,0.000000000000000000e+00,0.000000000000000000e+00,0.000000000000000000e+00,0.000000000000000000e+00,0.000000000000000000e+00,0.000000000000000000e+00,0.000000000000000000e+00,0.000000000000000000e+00,0.000000000000000000e+00,nan,2.400000000000000000e+01,8.000000000000000000e+01,1.300000000000000000e+02,1.800000000000000000e+02,2.300000000000000000e+02,2.800000000000000000e+02,3.300000000000000000e+02,3.780000000000000000e+02,4.200000000000000000e+02,4.700000000000000000e+02,5.200000000000000000e+02,5.700000000000000000e+02,6.200000000000000000e+02,6.700000000000000000e+02,7.200000000000000000e+02,7.700000000000000000e+02,8.200000000000000000e+02,8.700000000000000000e+02,9.200000000000000000e+02,9.700000000000000000e+02,1.020000000000000000e+03,1.070000000000000000e+03,1.120000000000000000e+03,1.170000000000000000e+03,1.220000000000000000e+03,1.270000000000000000e+03,1.320000000000000000e+03,1.370000000000000000e+03,1.420000000000000000e+03,1.470000000000000000e+03,1.520000000000000000e+03,1.570000000000000000e+03,1.632400000000000091e+03,1.732000000000000000e+03,1.782000000000000000e+03,1.832000000000000000e+03,1.882000000000000000e+03,1.932000000000000000e+03,1.982000000000000000e+03,2.063000000000000000e+03,2.113000000000000000e+03,2.163000000000000000e+03,2.213000000000000000e+03,2.275000000000000000e+03,2.333000000000000000e+03,2.383000000000000000e+03,2.433000000000000000e+03,2.483000000000000000e+03,2.533000000000000000e+03,2.583000000000000000e+03,2.633000000000000000e+03,2.683000000000000000e+03,2.733000000000000000e+03,2.783000000000000000e+03,2.833000000000000000e+03,2.883000000000000000e+03,2.933000000000000000e+03,2.983000000000000000e+03,3.033000000000000000e+03,3.099400000000000091e+03,3.174000000000000000e+03,3.224000000000000000e+03,3.274000000000000000e+03,3.374000000000000000e+03,3.424000000000000000e+03,3.514800000000000182e+03,3.575000000000000000e+03,3.625000000000000000e+03,3.675000000000000000e+03,3.725000000000000000e+03,3.775000000000000000e+03,3.825000000000000000e+03,3.875000000000000000e+03,3.925000000000000000e+03,3.975000000000000000e+03,4.025000000000000000e+03,4.075000000000000000e+03,4.125000000000000000e+03,4.175000000000000000e+03,4.225000000000000000e+03,4.275399999999999636e+03,4.326000000000000000e+03,4.376000000000000000e+03,4.424000000000000000e+03,4.466000000000000000e+03,4.516000000000000000e+03,4.566000000000000000e+03,4.616000000000000000e+03,4.666000000000000000e+03,4.716000000000000000e+03,4.766000000000000000e+03,4.816000000000000000e+03,4.866000000000000000e+03,4.916000000000000000e+03,4.966000000000000000e+03,5.016000000000000000e+03,5.066000000000000000e+03,5.116000000000000000e+03,5.166000000000000000e+03,5.216000000000000000e+03,5.266000000000000000e+03,5.316000000000000000e+03,5.366000000000000000e+03,5.416000000000000000e+03,5.466000000000000000e+03,5.516000000000000000e+03,5.566000000000000000e+03,5.616000000000000000e+03,5.666000000000000000e+03,5.716000000000000000e+03,5.766000000000000000e+03,5.816000000000000000e+03,5.866000000000000000e+03,5.916000000000000000e+03,5.966000000000000000e+03,6.016000000000000000e+03,6.066000000000000000e+03,6.116000000000000000e+03,6.166000000000000000e+03,6.216000000000000000e+03,6.266000000000000000e+03,6.316000000000000000e+03,6.366000000000000000e+03,6.416000000000000000e+03,6.466000000000000000e+03,6.516000000000000000e+03,6.566000000000000000e+03,6.616000000000000000e+03,6.666000000000000000e+03,6.716000000000000000e+03,6.766000000000000000e+03,6.816000000000000000e+03,6.866000000000000000e+03,6.916000000000000000e+03,6.966000000000000000e+03,7.016000000000000000e+03,7.066000000000000000e+03,7.116000000000000000e+03,7.166000000000000000e+03,7.216000000000000000e+03,7.266000000000000000e+03,nan
1.093599999999999909e+03,1.032400000000000091e+03,7.422000000000000455e+02,2.314000000000000057e+02,7.920000000000000284e+01,7.353999999999999773e+02,1.400799999999999955e+03,1.580799999999999955e+03,1.345400000000000091e+03,1.463400000000000091e+03,1.809799999999999955e+03,1.648799999999999955e+03,1.385200000000000045e+03,1.803599999999999909e+03,2.470199999999999818e+03,2.549800000000000182e+03,2.312599999999999909e+03,2.191800000000000182e+03,2.311400000000000091e+03,2.661199999999999818e+03,2.929199999999999818e+03,3.033400000000000091e+03,3.267199999999999818e+03,3.687400000000000091e+03,3.779800000000000182e+03,3.571400000000000091e+03,3.547400000000000091e+03,3.725599999999999909e+03,3.581599999999999909e+03,4.279399999999999636e+03,4.777600000000000364e+03,4.628399999999999636e+03,4.622000000000000000e+03,4.900800000000000182e+03,4.788199999999999818e+03,4.155199999999999818e+03,4.198600000000000364e+03,5.038600000000000364e+03,5.531800000000000182e+03,5.448399999999999636e+03,5.335000000000000000e+03,5.286000000000000000e+03,5.351000000000000000e+03,5.685800000000000182e+03,6.162399999999999636e+03,6.296399999999999636e+03,6.163199999999999818e+03,5.984800000000000182e+03,5.907600000000000364e+03,6.118399999999999636e+03,6.278399999999999636e+03,6.300199999999999818e+03,6.484800000000000182e+03,6.856800000000000182e+03,7.071600000000000364e+03,6.971199999999999818e+03,6.933399999999999636e+03,7.080399999999999636e+03,7.286800000000000182e+03,7.560399999999999636e+03,7.484600000000000364e+03,7.525000000000000000e+03,7.829800000000000182e+03,8.105399999999999636e+03,8.269799999999999272e+03,8.675799999999999272e+03,9.035600000000000364e+03,8.966799999999999272e+03,8.770399999999999636e+03,8.869200000000000728e+03,9.295000000000000000e+03,9.257799999999999272e+03,8.607399999999999636e+03,8.578200000000000728e+03,7.495399999999999636e+03,0.000000000000000000e+00,0.000000000000000000e+00,0.000000000000000000e+00,0.000000000000000000e+00,0.000000000000000000e+00,0.000000000000000000e+00,0.000000000000000000e+00,0.000000000000000000e+00,0.000000000000000000e+00,0.000000000000000000e+00,0.000000000000000000e+00,0.000000000000000000e+00,0.000000000000000000e+00,0.000000000000000000e+00,0.000000000000000000e+00,0.000000000000000000e+00,0.000000000000000000e+00,0.000000000000000000e+00,0.000000000000000000e+00,0.000000000000000000e+00,0.000000000000000000e+00,0.000000000000000000e+00,0.000000000000000000e+00,0.000000000000000000e+00,0.000000000000000000e+00,0.000000000000000000e+00,0.000000000000000000e+00,0.000000000000000000e+00,0.000000000000000000e+00,0.000000000000000000e+00,0.000000000000000000e+00,0.000000000000000000e+00,0.000000000000000000e+00,0.000000000000000000e+00,0.000000000000000000e+00,0.000000000000000000e+00,0.000000000000000000e+00,0.000000000000000000e+00,0.000000000000000000e+00,0.000000000000000000e+00,0.000000000000000000e+00,0.000000000000000000e+00,0.000000000000000000e+00,0.000000000000000000e+00,0.000000000000000000e+00,0.000000000000000000e+00,0.000000000000000000e+00,0.000000000000000000e+00,0.000000000000000000e+00,0.000000000000000000e+00,0.000000000000000000e+00,0.000000000000000000e+00,0.000000000000000000e+00,0.000000000000000000e+00,0.000000000000000000e+00,0.000000000000000000e+00,0.000000000000000000e+00,0.000000000000000000e+00,0.000000000000000000e+00,0.000000000000000000e+00,0.000000000000000000e+00,0.000000000000000000e+00,0.000000000000000000e+00,0.000000000000000000e+00,0.000000000000000000e+00,0.000000000000000000e+00,nan,1.099400000000000091e+03,1.253400000000000091e+03,1.291799999999999955e+03,7.800000000000000000e+02,1.030000000000000000e+02,2.305999999999999943e+02,7.776000000000000227e+02,9.406000000000000227e+02,5.457999999999999545e+02,2.948000000000000114e+02,6.223999999999999773e+02,8.527999999999999545e+02,7.593999999999999773e+02,7.313999999999999773e+02,8.943999999999999773e+02,1.006200000000000045e+03,8.390000000000000000e+02,5.220000000000000000e+02,5.916000000000000227e+02,9.130000000000000000e+02,8.253999999999999773e+02,5.910000000000000000e+02,7.857999999999999545e+02,1.167599999999999909e+03,1.275400000000000091e+03,1.101200000000000045e+03,9.196000000000000227e+02,8.287999999999999545e+02,5.950000000000000000e+02,1.492599999999999909e+03,1.786799999999999955e+03,1.297000000000000000e+03,7.993999999999999773e+02,8.547999999999999545e+02,1.122000000000000000e+03,1.092799999999999955e+03,1.056000000000000000e+03,1.242799999999999955e+03,1.403000000000000000e+03,1.391599999999999909e+03,1.151599999999999909e+03,8.662000000000000455e+02,1.041599999999999909e+03,1.270400000000000091e+03,1.378000000000000000e+03,1.412599999999999909e+03,1.452799999999999955e+03,1.288200000000000045e+03,9.347999999999999545e+02,1.113799999999999955e+03,1.361799999999999955e+03,1.203400000000000091e+03,1.003600000000000023e+03,1.267799999999999955e+03,1.508400000000000091e+03,1.285200000000000045e+03,9.656000000000000227e+02,1.829599999999999909e+03,1.746599999999999909e+03,1.444799999999999955e+03,1.097799999999999955e+03,1.067400000000000091e+03,1.424400000000000091e+03,1.359200000000000045e+03,1.121000000000000000e+03,1.497400000000000091e+03,2.043599999999999909e+03,1.974200000000000045e+03,1.447000000000000000e+03,1.003799999999999955e+03,1.102200000000000045e+03,1.437000000000000000e+03,1.573000000000000000e+03,1.525200000000000045e+03,1.221799999999999955e+03,0.000000000000000000e+00,0.000000000000000000e+00,0.000000000000000000e+00,0.000000000000000000e+00,0.000000000000000000e+00,0.000000000000000000e+00,0.000000000000000000e+00,0.000000000000000000e+00,0.000000000000000000e+00,0.000000000000000000e+00,0.000000000000000000e+00,0.000000000000000000e+00,0.000000000000000000e+00,0.000000000000000000e+00,0.000000000000000000e+00,0.000000000000000000e+00,0.000000000000000000e+00,0.000000000000000000e+00,0.000000000000000000e+00,0.000000000000000000e+00,0.000000000000000000e+00,0.000000000000000000e+00,0.000000000000000000e+00,0.000000000000000000e+00,0.000000000000000000e+00,0.000000000000000000e+00,0.000000000000000000e+00,0.000000000000000000e+00,0.000000000000000000e+00,0.000000000000000000e+00,0.000000000000000000e+00,0.000000000000000000e+00,0.000000000000000000e+00,0.000000000000000000e+00,0.000000000000000000e+00,0.000000000000000000e+00,0.000000000000000000e+00,0.000000000000000000e+00,0.000000000000000000e+00,0.000000000000000000e+00,0.000000000000000000e+00,0.000000000000000000e+00,0.000000000000000000e+00,0.000000000000000000e+00,0.000000000000000000e+00,0.000000000000000000e+00,0.000000000000000000e+00,0.000000000000000000e+00,0.000000000000000000e+00,0.000000000000000000e+00,0.000000000000000000e+00,0.000000000000000000e+00,0.000000000000000000e+00,0.000000000000000000e+00,0.000000000000000000e+00,0.000000000000000000e+00,0.000000000000000000e+00,0.000000000000000000e+00,0.000000000000000000e+00,0.000000000000000000e+00,0.000000000000000000e+00,0.000000000000000000e+00,0.000000000000000000e+00,0.000000000000000000e+00,0.000000000000000000e+00,0.000000000000000000e+00,nan,2.000000000000000000e+01,7.000000000000000000e+01,1.200000000000000000e+02,1.700000000000000000e+02,2.200000000000000000e+02,2.700000000000000000e+02,3.200000000000000000e+02,3.700000000000000000e+02,4.200000000000000000e+02,4.700000000000000000e+02,5.200000000000000000e+02,5.700000000000000000e+02,6.200000000000000000e+02,6.700000000000000000e+02,7.200000000000000000e+02,7.700000000000000000e+02,8.200000000000000000e+02,8.700000000000000000e+02,9.200000000000000000e+02,9.700000000000000000e+02,1.020000000000000000e+03,1.070000000000000000e+03,1.120000000000000000e+03,1.170000000000000000e+03,1.220000000000000000e+03,1.270000000000000000e+03,1.320000000000000000e+03,1.370000000000000000e+03,1.420000000000000000e+03,1.519599999999999909e+03,1.582000000000000000e+03,1.632000000000000000e+03,1.682000000000000000e+03,1.732000000000000000e+03,1.782000000000000000e+03,1.832000000000000000e+03,1.882400000000000091e+03,1.933000000000000000e+03,1.983000000000000000e+03,2.033000000000000000e+03,2.083000000000000000e+03,2.133000000000000000e+03,2.183000000000000000e+03,2.233000000000000000e+03,2.283000000000000000e+03,2.333000000000000000e+03,2.383000000000000000e+03,2.433000000000000000e+03,2.483000000000000000e+03,2.533000000000000000e+03,2.583000000000000000e+03,2.633000000000000000e+03,2.683000000000000000e+03,2.733000000000000000e+03,2.783000000000000000e+03,2.833000000000000000e+03,2.883000000000000000e+03,2.984000000000000000e+03,3.042000000000000000e+03,3.124000000000000000e+03,3.174000000000000000e+03,3.224000000000000000e+03,3.274000000000000000e+03,3.324000000000000000e+03,3.368599999999999909e+03,3.415000000000000000e+03,3.465000000000000000e+03,3.515000000000000000e+03,3.565000000000000000e+03,3.615000000000000000e+03,3.665000000000000000e+03,3.715000000000000000e+03,3.765000000000000000e+03,3.815000000000000000e+03,3.863000000000000000e+03,3.905000000000000000e+03,3.955000000000000000e+03,4.005000000000000000e+03,4.055000000000000000e+03,4.105000000000000000e+03,4.155000000000000000e+03,4.205000000000000000e+03,4.255000000000000000e+03,4.305000000000000000e+03,4.355000000000000000e+03,4.405000000000000000e+03,4.455000000000000000e+03,4.505000000000000000e+03,4.555000000000000000e+03,4.605000000000000000e+03,4.655000000000000000e+03,4.705000000000000000e+03,4.755000000000000000e+03,4.805000000000000000e+03,4.855000000000000000e+03,4.905000000000000000e+03,4.955000000000000000e+03,5.005000000000000000e+03,5.055000000000000000e+03,5.105000000000000000e+03,5.155000000000000000e+03,5.205000000000000000e+03,5.255000000000000000e+03,5.305000000000000000e+03,5.355000000000000000e+03,5.405000000000000000e+03,5.455000000000000000e+03,5.505000000000000000e+03,5.555000000000000000e+03,5.605000000000000000e+03,5.655000000000000000e+03,5.705000000000000000e+03,5.755000000000000000e+03,5.805000000000000000e+03,5.855000000000000000e+03,5.905000000000000000e+03,5.955000000000000000e+03,6.005000000000000000e+03,6.055000000000000000e+03,6.105000000000000000e+03,6.155000000000000000e+03,6.205000000000000000e+03,6.255000000000000000e+03,6.305000000000000000e+03,6.355000000000000000e+03,6.405000000000000000e+03,6.455000000000000000e+03,6.505000000000000000e+03,6.555000000000000000e+03,6.605000000000000000e+03,6.655000000000000000e+03,6.705000000000000000e+03,6.755000000000000000e+03,6.805000000000000000e+03,6.855000000000000000e+03,6.905000000000000000e+03,6.955000000000000000e+03,7.005000000000000000e+03,7.055000000000000000e+03,7.105000000000000000e+03,7.155000000000000000e+03,nan
7.032000000000000455e+02,4.920000000000000000e+02,1.721999999999999886e+02,4.920000000000000284e+01,6.236000000000000227e+02,1.247400000000000091e+03,1.247599999999999909e+03,1.049799999999999955e+03,1.304400000000000091e+03,1.714000000000000000e+03,1.544799999999999955e+03,1.214200000000000045e+03,1.619400000000000091e+03,2.403800000000000182e+03,2.636599999999999909e+03,2.401400000000000091e+03,2.186000000000000000e+03,2.202000000000000000e+03,2.491199999999999818e+03,2.795800000000000182e+03,2.864400000000000091e+03,2.866599999999999909e+03,3.151400000000000091e+03,3.552800000000000182e+03,3.548400000000000091e+03,3.284400000000000091e+03,3.320400000000000091e+03,3.620400000000000091e+03,3.449800000000000182e+03,3.824800000000000182e+03,4.427000000000000000e+03,4.347600000000000364e+03,4.232000000000000000e+03,4.582800000000000182e+03,4.807800000000000182e+03,4.197800000000000182e+03,3.718599999999999909e+03,4.250199999999999818e+03,5.174000000000000000e+03,5.363600000000000364e+03,5.203199999999999818e+03,5.079399999999999636e+03,5.052800000000000182e+03,5.249000000000000000e+03,5.740000000000000000e+03,6.211800000000000182e+03,6.270199999999999818e+03,6.070600000000000364e+03,5.861399999999999636e+03,5.772399999999999636e+03,5.972399999999999636e+03,6.132199999999999818e+03,6.187199999999999818e+03,6.449399999999999636e+03,6.916199999999999818e+03,7.119000000000000000e+03,7.009199999999999818e+03,6.951600000000000364e+03,7.161399999999999636e+03,7.384600000000000364e+03,7.582199999999999818e+03,7.890800000000000182e+03,7.823399999999999636e+03,7.723800000000000182e+03,7.751800000000000182e+03,7.985800000000000182e+03,8.361000000000000000e+03,8.549200000000000728e+03,8.809399999999999636e+03,9.233399999999999636e+03,9.375399999999999636e+03,9.225799999999999272e+03,9.075600000000000364e+03,9.371200000000000728e+03,9.665000000000000000e+03,9.294799999999999272e+03,8.801399999999999636e+03,9.288600000000000364e+03,0.000000000000000000e+00,0.000000000000000000e+00,0.000000000000000000e+00,0.000000000000000000e+00,0.000000000000000000e+00,0.000000000000000000e+00,0.000000000000000000e+00,0.000000000000000000e+00,0.000000000000000000e+00,0.000000000000000000e+00,0.000000000000000000e+00,0.000000000000000000e+00,0.000000000000000000e+00,0.000000000000000000e+00,0.000000000000000000e+00,0.000000000000000000e+00,0.000000000000000000e+00,0.000000000000000000e+00,0.000000000000000000e+00,0.000000000000000000e+00,0.000000000000000000e+00,0.000000000000000000e+00,0.000000000000000000e+00,0.000000000000000000e+00,0.000000000000000000e+00,0.000000000000000000e+00,0.000000000000000000e+00,0.000000000000000000e+00,0.000000000000000000e+00,0.000000000000000000e+00,0.000000000000000000e+00,0.000000000000000000e+00,0.000000000000000000e+00,0.000000000000000000e+00,0.000000000000000000e+00,0.000000000000000000e+00,0.000000000000000000e+00,0.000000000000000000e+00,0.000000000000000000e+00,0.000000000000000000e+00,0.000000000000000000e+00,0.000000000000000000e+00,0.000000000000000000e+00,0.000000000000000000e+00,0.000000000000000000e+00,0.000000000000000000e+00,0.000000000000000000e+00,0.000000000000000000e+00,0.000000000000000000e+00,0.000000000000000000e+00,0.000000000000000000e+00,0.000000000000000000e+00,0.000000000000000000e+00,0.000000000000000000e+00,0.000000000000000000e+00,0.000000000000000000e+00,0.000000000000000000e+00,0.000000000000000000e+00,0.000000000000000000e+00,0.000000000000000000e+00,0.000000000000000000e+00,0.000000000000000000e+00,0.000000000000000000e+00,nan,1.026599999999999909e+03,1.167799999999999955e+03,8.582000000000000455e+02,2.161999999999999886e+02,1.721999999999999886e+02,7.203999999999999773e+02,7.827999999999999545e+02,3.320000000000000000e+02,2.460000000000000000e+02,7.007999999999999545e+02,8.927999999999999545e+02,7.342000000000000455e+02,7.400000000000000000e+02,9.097999999999999545e+02,9.787999999999999545e+02,8.686000000000000227e+02,4.961999999999999886e+02,3.901999999999999886e+02,7.863999999999999773e+02,8.966000000000000227e+02,6.046000000000000227e+02,4.720000000000000000e+02,8.090000000000000000e+02,1.132200000000000045e+03,1.147200000000000045e+03,9.117999999999999545e+02,7.630000000000000000e+02,6.790000000000000000e+02,3.910000000000000000e+02,1.044799999999999955e+03,1.586799999999999955e+03,1.230599999999999909e+03,6.146000000000000227e+02,6.167999999999999545e+02,1.023399999999999977e+03,1.064599999999999909e+03,9.307999999999999545e+02,9.876000000000000227e+02,1.181400000000000091e+03,1.198200000000000045e+03,1.057599999999999909e+03,6.662000000000000455e+02,5.063999999999999773e+02,8.490000000000000000e+02,1.034599999999999909e+03,1.036200000000000045e+03,1.030400000000000091e+03,1.173400000000000091e+03,9.862000000000000455e+02,5.582000000000000455e+02,7.153999999999999773e+02,9.972000000000000455e+02,8.057999999999999545e+02,5.940000000000000000e+02,8.717999999999999545e+02,1.094599999999999909e+03,8.803999999999999773e+02,5.253999999999999773e+02,8.777999999999999545e+02,1.432000000000000000e+03,1.380200000000000045e+03,1.187400000000000091e+03,9.407999999999999545e+02,6.262000000000000455e+02,6.202000000000000455e+02,9.023999999999999773e+02,9.606000000000000227e+02,7.007999999999999545e+02,6.663999999999999773e+02,1.134599999999999909e+03,1.361000000000000000e+03,1.168400000000000091e+03,5.883999999999999773e+02,4.373999999999999773e+02,8.236000000000000227e+02,1.097599999999999909e+03,1.065200000000000045e+03,1.010799999999999955e+03,0.000000000000000000e+00,0.000000000000000000e+00,0.000000000000000000e+00,0.000000000000000000e+00,0.000000000000000000e+00,0.000000000000000000e+00,0.000000000000000000e+00,0.000000000000000000e+00,0.000000000000000000e+00,0.000000000000000000e+00,0.000000000000000000e+00,0.000000000000000000e+00,0.000000000000000000e+00,0.000000000000000000e+00,0.000000000000000000e+00,0.000000000000000000e+00,0.000000000000000000e+00,0.000000000000000000e+00,0.000000000000000000e+00,0.000000000000000000e+00,0.000000000000000000e+00,0.000000000000000000e+00,0.000000000000000000e+00,0.000000000000000000e+00,0.000000000000000000e+00,0.000000000000000000e+00,0.000000000000000000e+00,0.000000000000000000e+00,0.000000000000000000e+00,0.000000000000000000e+00,0.000000000000000000e+00,0.000000000000000000e+00,0.000000000000000000e+00,0.000000000000000000e+00,0.000000000000000000e+00,0.000000000000000000e+00,0.000000000000000000e+00,0.000000000000000000e+00,0.000000000000000000e+00,0.000000000000000000e+00,0.000000000000000000e+00,0.000000000000000000e+00,0.000000000000000000e+00,0.000000000000000000e+00,0.000000000000000000e+00,0.000000000000000000e+00,0.000000000000000000e+00,0.000000000000000000e+00,0.000000000000000000e+00,0.000000000000000000e+00,0.000000000000000000e+00,0.000000000000000000e+00,0.000000000000000000e+00,0.000000000000000000e+00,0.000000000000000000e+00,0.000000000000000000e+00,0.000000000000000000e+00,0.000000000000000000e+00,0.000000000000000000e+00,0.000000000000000000e+00,0.000000000000000000e+00,0.000000000000000000e+00,0.000000000000000000e+00,nan,2.000000000000000000e+01,7.000000000000000000e+01,1.200000000000000000e+02,1.700000000000000000e+02,2.200000000000000000e+02,2.700000000000000000e+02,3.200000000000000000e+02,3.700000000000000000e+02,4.200000000000000000e+02,4.700000000000000000e+02,5.200000000000000000e+02,5.700000000000000000e+02,6.200000000000000000e+02,6.700000000000000000e+02,7.200000000000000000e+02,7.700000000000000000e+02,8.200000000000000000e+02,8.700000000000000000e+02,9.200000000000000000e+02,9.700000000000000000e+02,1.011000000000000000e+03,1.061000000000000000e+03,1.111000000000000000e+03,1.161000000000000000e+03,1.211000000000000000e+03,1.261000000000000000e+03,1.311000000000000000e+03,1.361000000000000000e+03,1.411000000000000000e+03,1.491599999999999909e+03,1.562000000000000000e+03,1.612000000000000000e+03,1.662000000000000000e+03,1.712000000000000000e+03,1.762000000000000000e+03,1.812599999999999909e+03,1.863000000000000000e+03,1.913000000000000000e+03,1.963000000000000000e+03,2.013000000000000000e+03,2.063000000000000000e+03,2.113000000000000000e+03,2.163000000000000000e+03,2.213000000000000000e+03,2.263000000000000000e+03,2.313000000000000000e+03,2.355000000000000000e+03,2.403000000000000000e+03,2.453000000000000000e+03,2.503000000000000000e+03,2.553000000000000000e+03,2.603000000000000000e+03,2.653000000000000000e+03,2.703000000000000000e+03,2.753000000000000000e+03,2.803000000000000000e+03,2.853000000000000000e+03,2.903000000000000000e+03,2.953000000000000000e+03,3.003000000000000000e+03,3.053000000000000000e+03,3.116199999999999818e+03,3.175000000000000000e+03,3.225000000000000000e+03,3.275000000000000000e+03,3.325000000000000000e+03,3.375000000000000000e+03,3.425000000000000000e+03,3.475000000000000000e+03,3.525000000000000000e+03,3.575000000000000000e+03,3.625000000000000000e+03,3.675000000000000000e+03,3.725000000000000000e+03,3.775000000000000000e+03,3.825000000000000000e+03,3.875000000000000000e+03,3.925000000000000000e+03,3.965000000000000000e+03,4.015000000000000000e+03,4.065000000000000000e+03,4.115000000000000000e+03,4.165000000000000000e+03,4.215000000000000000e+03,4.265000000000000000e+03,4.315000000000000000e+03,4.365000000000000000e+03,4.415000000000000000e+03,4.465000000000000000e+03,4.515000000000000000e+03,4.565000000000000000e+03,4.615000000000000000e+03,4.665000000000000000e+03,4.715000000000000000e+03,4.765000000000000000e+03,4.815000000000000000e+03,4.865000000000000000e+03,4.915000000000000000e+03,4.965000000000000000e+03,5.015000000000000000e+03,5.065000000000000000e+03,5.115000000000000000e+03,5.165000000000000000e+03,5.215000000000000000e+03,5.265000000000000000e+03,5.315000000000000000e+03,5.365000000000000000e+03,5.415000000000000000e+03,5.465000000000000000e+03,5.515000000000000000e+03,5.565000000000000000e+03,5.615000000000000000e+03,5.665000000000000000e+03,5.715000000000000000e+03,5.765000000000000000e+03,5.815000000000000000e+03,5.865000000000000000e+03,5.915000000000000000e+03,5.965000000000000000e+03,6.015000000000000000e+03,6.065000000000000000e+03,6.115000000000000000e+03,6.165000000000000000e+03,6.215000000000000000e+03,6.265000000000000000e+03,6.315000000000000000e+03,6.365000000000000000e+03,6.415000000000000000e+03,6.465000000000000000e+03,6.515000000000000000e+03,6.565000000000000000e+03,6.615000000000000000e+03,6.665000000000000000e+03,6.715000000000000000e+03,6.765000000000000000e+03,6.815000000000000000e+03,6.865000000000000000e+03,6.915000000000000000e+03,6.965000000000000000e+03,7.015000000000000000e+03,7.065000000000000000e+03,nan
7.087999999999999545e+02,4.410000000000000000e+02,1.062000000000000028e+02,1.035999999999999943e+02,7.776000000000000227e+02,1.396599999999999909e+03,1.430400000000000091e+03,1.199799999999999955e+03,1.442599999999999909e+03,1.788599999999999909e+03,1.546200000000000045e+03,1.337200000000000045e+03,1.899599999999999909e+03,2.512000000000000000e+03,2.503599999999999909e+03,2.227000000000000000e+03,2.119199999999999818e+03,2.385199999999999818e+03,2.730000000000000000e+03,2.879000000000000000e+03,2.913800000000000182e+03,3.168199999999999818e+03,3.603599999999999909e+03,3.724599999999999909e+03,3.483000000000000000e+03,3.427599999999999909e+03,3.711199999999999818e+03,3.718199999999999818e+03,3.781599999999999909e+03,4.607800000000000182e+03,4.658800000000000182e+03,4.431800000000000182e+03,4.649199999999999818e+03,5.105000000000000000e+03,4.842600000000000364e+03,4.155399999999999636e+03,4.316199999999999818e+03,5.193399999999999636e+03,5.669199999999999818e+03,5.600000000000000000e+03,5.503399999999999636e+03,5.400000000000000000e+03,5.381600000000000364e+03,5.591600000000000364e+03,6.064399999999999636e+03,6.535199999999999818e+03,6.753399999999999636e+03,6.603399999999999636e+03,6.351600000000000364e+03,6.196000000000000000e+03,6.264600000000000364e+03,6.536600000000000364e+03,6.627000000000000000e+03,6.605399999999999636e+03,6.831000000000000000e+03,7.259800000000000182e+03,7.392800000000000182e+03,7.285800000000000182e+03,7.256600000000000364e+03,7.333800000000000182e+03,7.392800000000000182e+03,7.653199999999999818e+03,7.897000000000000000e+03,7.771800000000000182e+03,7.734800000000000182e+03,7.974000000000000000e+03,8.376600000000000364e+03,8.543000000000000000e+03,8.639200000000000728e+03,9.033600000000000364e+03,9.477799999999999272e+03,9.472000000000000000e+03,9.258000000000000000e+03,9.403000000000000000e+03,9.754600000000000364e+03,9.559399999999999636e+03,8.917200000000000728e+03,9.265000000000000000e+03,4.038400000000000091e+03,0.000000000000000000e+00,0.000000000000000000e+00,0.000000000000000000e+00,0.000000000000000000e+00,0.000000000000000000e+00,0.000000000000000000e+00,0.000000000000000000e+00,0.000000000000000000e+00,0.000000000000000000e+00,0.000000000000000000e+00,0.000000000000000000e+00,0.000000000000000000e+00,0.000000000000000000e+00,0.000000000000000000e+00,0.000000000000000000e+00,0.000000000000000000e+00,0.000000000000000000e+00,0.000000000000000000e+00,0.000000000000000000e+00,0.000000000000000000e+00,0.000000000000000000e+00,0.000000000000000000e+00,0.000000000000000000e+00,0.000000000000000000e+00,0.000000000000000000e+00,0.000000000000000000e+00,0.000000000000000000e+00,0.000000000000000000e+00,0.000000000000000000e+00,0.000000000000000000e+00,0.000000000000000000e+00,0.000000000000000000e+00,0.000000000000000000e+00,0.000000000000000000e+00,0.000000000000000000e+00,0.000000000000000000e+00,0.000000000000000000e+00,0.000000000000000000e+00,0.000000000000000000e+00,0.000000000000000000e+00,0.000000000000000000e+00,0.000000000000000000e+00,0.000000000000000000e+00,0.000000000000000000e+00,0.000000000000000000e+00,0.000000000000000000e+00,0.000000000000000000e+00,0.000000000000000000e+00,0.000000000000000000e+00,0.000000000000000000e+00,0.000000000000000000e+00,0.000000000000000000e+00,0.000000000000000000e+00,0.000000000000000000e+00,0.000000000000000000e+00,0.000000000000000000e+00,0.000000000000000000e+00,0.000000000000000000e+00,0.000000000000000000e+00,0.000000000000000000e+00,0.000000000000000000e+00,0.000000000000000000e+00,nan,8.126000000000000227e+02,8.876000000000000227e+02,5.577999999999999545e+02,1.042000000000000028e+02,2.198000000000000114e+02,7.043999999999999773e+02,7.416000000000000227e+02,2.746000000000000227e+02,1.655999999999999943e+02,6.036000000000000227e+02,7.213999999999999773e+02,5.427999999999999545e+02,5.846000000000000227e+02,8.242000000000000455e+02,8.390000000000000000e+02,5.293999999999999773e+02,2.911999999999999886e+02,5.542000000000000455e+02,7.460000000000000000e+02,5.300000000000000000e+02,3.398000000000000114e+02,5.647999999999999545e+02,8.602000000000000455e+02,9.630000000000000000e+02,8.120000000000000000e+02,6.463999999999999773e+02,5.913999999999999773e+02,4.371999999999999886e+02,6.766000000000000227e+02,1.474400000000000091e+03,1.354799999999999955e+03,7.330000000000000000e+02,4.066000000000000227e+02,7.033999999999999773e+02,9.886000000000000227e+02,9.023999999999999773e+02,8.870000000000000000e+02,1.027000000000000000e+03,1.133000000000000000e+03,1.139000000000000000e+03,1.014200000000000045e+03,5.866000000000000227e+02,4.528000000000000114e+02,8.342000000000000455e+02,1.068599999999999909e+03,1.150400000000000091e+03,1.145400000000000091e+03,1.160599999999999909e+03,1.094799999999999955e+03,7.040000000000000000e+02,5.676000000000000227e+02,9.200000000000000000e+02,1.025400000000000091e+03,7.333999999999999773e+02,5.532000000000000455e+02,8.546000000000000227e+02,1.025799999999999955e+03,7.627999999999999545e+02,4.540000000000000000e+02,7.426000000000000227e+02,1.331000000000000000e+03,1.248599999999999909e+03,9.523999999999999773e+02,7.033999999999999773e+02,4.783999999999999773e+02,7.657999999999999545e+02,9.936000000000000227e+02,6.876000000000000227e+02,5.080000000000000000e+02,9.246000000000000227e+02,1.508400000000000091e+03,1.470799999999999955e+03,8.433999999999999773e+02,4.736000000000000227e+02,7.357999999999999545e+02,1.120599999999999909e+03,1.143799999999999955e+03,1.030200000000000045e+03,4.091999999999999886e+02,0.000000000000000000e+00,0.000000000000000000e+00,0.000000000000000000e+00,0.000000000000000000e+00,0.000000000000000000e+00,0.000000000000000000e+00,0.000000000000000000e+00,0.000000000000000000e+00,0.000000000000000000e+00,0.000000000000000000e+00,0.000000000000000000e+00,0.000000000000000000e+00,0.000000000000000000e+00,0.000000000000000000e+00,0.000000000000000000e+00,0.000000000000000000e+00,0.000000000000000000e+00,0.000000000000000000e+00,0.000000000000000000e+00,0.000000000000000000e+00,0.000000000000000000e+00,0.000000000000000000e+00,0.000000000000000000e+00,0.000000000000000000e+00,0.000000000000000000e+00,0.000000000000000000e+00,0.000000000000000000e+00,0.000000000000000000e+00,0.000000000000000000e+00,0.000000000000000000e+00,0.000000000000000000e+00,0.000000000000000000e+00,0.000000000000000000e+00,0.000000000000000000e+00,0.000000000000000000e+00,0.000000000000000000e+00,0.000000000000000000e+00,0.000000000000000000e+00,0.000000000000000000e+00,0.000000000000000000e+00,0.000000000000000000e+00,0.000000000000000000e+00,0.000000000000000000e+00,0.000000000000000000e+00,0.000000000000000000e+00,0.000000000000000000e+00,0.000000000000000000e+00,0.000000000000000000e+00,0.000000000000000000e+00,0.000000000000000000e+00,0.000000000000000000e+00,0.000000000000000000e+00,0.000000000000000000e+00,0.000000000000000000e+00,0.000000000000000000e+00,0.000000000000000000e+00,0.000000000000000000e+00,0.000000000000000000e+00,0.000000000000000000e+00,0.000000000000000000e+00,0.000000000000000000e+00,0.000000000000000000e+00,nan,2.000000000000000000e+01,7.000000000000000000e+01,1.200000000000000000e+02,1.700000000000000000e+02,2.200000000000000000e+02,2.700000000000000000e+02,3.200000000000000000e+02,3.700000000000000000e+02,4.200000000000000000e+02,4.700000000000000000e+02,5.200000000000000000e+02,5.700000000000000000e+02,6.200000000000000000e+02,6.700000000000000000e+02,7.200000000000000000e+02,7.700000000000000000e+02,8.200000000000000000e+02,8.700000000000000000e+02,9.200000000000000000e+02,9.700000000000000000e+02,1.020000000000000000e+03,1.070000000000000000e+03,1.120000000000000000e+03,1.170000000000000000e+03,1.220000000000000000e+03,1.270000000000000000e+03,1.320000000000000000e+03,1.370000000000000000e+03,1.445200000000000045e+03,1.533000000000000000e+03,1.583000000000000000e+03,1.633000000000000000e+03,1.683000000000000000e+03,1.733000000000000000e+03,1.783000000000000000e+03,1.833000000000000000e+03,1.883000000000000000e+03,1.933000000000000000e+03,1.983000000000000000e+03,2.033000000000000000e+03,2.083000000000000000e+03,2.133000000000000000e+03,2.183000000000000000e+03,2.233000000000000000e+03,2.283000000000000000e+03,2.333000000000000000e+03,2.383000000000000000e+03,2.433000000000000000e+03,2.483000000000000000e+03,2.533000000000000000e+03,2.583000000000000000e+03,2.633000000000000000e+03,2.683000000000000000e+03,2.733000000000000000e+03,2.783000000000000000e+03,2.833000000000000000e+03,2.883000000000000000e+03,2.933000000000000000e+03,2.983000000000000000e+03,3.033800000000000182e+03,3.085000000000000000e+03,3.141000000000000000e+03,3.215000000000000000e+03,3.265000000000000000e+03,3.315000000000000000e+03,3.365000000000000000e+03,3.415000000000000000e+03,3.465000000000000000e+03,3.515000000000000000e+03,3.565199999999999818e+03,3.616000000000000000e+03,3.666000000000000000e+03,3.716000000000000000e+03,3.766000000000000000e+03,3.816000000000000000e+03,3.866000000000000000e+03,3.916000000000000000e+03,3.966000000000000000e+03,4.010000000000000000e+03,4.056000000000000000e+03,4.106000000000000000e+03,4.156000000000000000e+03,4.206000000000000000e+03,4.256000000000000000e+03,4.306000000000000000e+03,4.356000000000000000e+03,4.406000000000000000e+03,4.456000000000000000e+03,4.506000000000000000e+03,4.556000000000000000e+03,4.606000000000000000e+03,4.656000000000000000e+03,4.706000000000000000e+03,4.756000000000000000e+03,4.806000000000000000e+03,4.856000000000000000e+03,4.906000000000000000e+03,4.956000000000000000e+03,5.006000000000000000e+03,5.056000000000000000e+03,5.106000000000000000e+03,5.156000000000000000e+03,5.206000000000000000e+03,5.256000000000000000e+03,5.306000000000000000e+03,5.356000000000000000e+03,5.406000000000000000e+03,5.456000000000000000e+03,5.506000000000000000e+03,5.556000000000000000e+03,5.606000000000000000e+03,5.656000000000000000e+03,5.706000000000000000e+03,5.756000000000000000e+03,5.806000000000000000e+03,5.856000000000000000e+03,5.906000000000000000e+03,5.956000000000000000e+03,6.006000000000000000e+03,6.056000000000000000e+03,6.106000000000000000e+03,6.156000000000000000e+03,6.206000000000000000e+03,6.256000000000000000e+03,6.306000000000000000e+03,6.356000000000000000e+03,6.406000000000000000e+03,6.456000000000000000e+03,6.506000000000000000e+03,6.556000000000000000e+03,6.606000000000000000e+03,6.656000000000000000e+03,6.706000000000000000e+03,6.756000000000000000e+03,6.806000000000000000e+03,6.856000000000000000e+03,6.906000000000000000e+03,6.956000000000000000e+03,7.006000000000000000e+03,7.056000000000000000e+03,7.106000000000000000e+03,nan
